Outlier purge not active.
ITERATION:0
 QUICK_CONVERGE: 1
 TRANSFORMATION:[0.99487204,-0.07123428,-0.07180039,0.02535448,0.08722651,0.96363656, 0.25257893,-0.07746898,0.05119720,-0.25754662,0.96490859,0.02038775, 0.00000000,0.00000000,0.00000000,1.00000000]
 MEAN_ERR:0.01055141
 STD_DEV:0.00773280
 DELTA_ERROR:0.01055141
ITERATION:1
 QUICK_CONVERGE: 1
 TRANSFORMATION:[0.99106041,-0.09465172,-0.09402291,0.03300699,0.11853949,0.94810487, 0.29503482,-0.09019961,0.06121803,-0.30354276,0.95084917,0.02582781, 0.00000000,0.00000000,0.00000000,1.00000000]
 MEAN_ERR:0.00318454
 STD_DEV:0.00316123
 DELTA_ERROR:-0.00736686
ITERATION:2
 QUICK_CONVERGE: 1
 TRANSFORMATION:[0.98886281,-0.10994489,-0.10031183,0.03533985,0.13539151,0.94442276, 0.29955766,-0.09115251,0.06180194,-0.30980280,0.94879015,0.02650156, 0.00000000,0.00000000,0.00000000,1.00000000]
 MEAN_ERR:0.00307641
 STD_DEV:0.00247939
 DELTA_ERROR:-0.00010814
ITERATION:3
 QUICK_CONVERGE: 1
 TRANSFORMATION:[0.98717113,-0.12278593,-0.10206259,0.03619492,0.14802507,0.94340721, 0.29676828,-0.08984461,0.05984761,-0.30806890,0.94947976,0.02615266, 0.00000000,0.00000000,0.00000000,1.00000000]
 MEAN_ERR:0.00299769
 STD_DEV:0.00235728
 DELTA_ERROR:-0.00007872
ITERATION:4
 QUICK_CONVERGE: 1
 TRANSFORMATION:[0.98558556,-0.13430978,-0.10286878,0.03674007,0.15903822,0.94289946, 0.29265587,-0.08814293,0.05768837,-0.30479747,0.95066848,0.02563319, 0.00000000,0.00000000,0.00000000,1.00000000]
 MEAN_ERR:0.00290353
 STD_DEV:0.00229163
 DELTA_ERROR:-0.00009416
ITERATION:5
 QUICK_CONVERGE: 1
 TRANSFORMATION:[0.98402361,-0.14502062,-0.10327902,0.03715751,0.16918491,0.94232825, 0.28878008,-0.08653944,0.05544367,-0.30163966,0.95180855,0.02512594, 0.00000000,0.00000000,0.00000000,1.00000000]
 MEAN_ERR:0.00281183
 STD_DEV:0.00223690
 DELTA_ERROR:-0.00009169
ITERATION:6
 QUICK_CONVERGE: 1
 TRANSFORMATION:[0.98250441,-0.15475653,-0.10361223,0.03755164,0.17840922,0.94171297, 0.28521366,-0.08505672,0.05343430,-0.29870906,0.95284714,0.02465605, 0.00000000,0.00000000,0.00000000,1.00000000]
 MEAN_ERR:0.00272287
 STD_DEV:0.00219103
 DELTA_ERROR:-0.00008897
ITERATION:7
 QUICK_CONVERGE: 1
 TRANSFORMATION:[0.98103222,-0.16355027,-0.10405329,0.03797863,0.18679587,0.94105406, 0.28200098,-0.08370782,0.05179843,-0.29608878,0.95375487,0.02423600, 0.00000000,0.00000000,0.00000000,1.00000000]
 MEAN_ERR:0.00263913
 STD_DEV:0.00215067
 DELTA_ERROR:-0.00008374
ITERATION:8
 QUICK_CONVERGE: 1
 TRANSFORMATION:[0.97965959,-0.17128569,-0.10453854,0.03841768,0.19420155,0.94045106, 0.27899383,-0.08244358,0.05052573,-0.29362052,0.95458585,0.02384929, 0.00000000,0.00000000,0.00000000,1.00000000]
 MEAN_ERR:0.00256346
 STD_DEV:0.00211282
 DELTA_ERROR:-0.00007567
ITERATION:9
 QUICK_CONVERGE: 1
 TRANSFORMATION:[0.97836697,-0.17827832,-0.10495198,0.03882780,0.20089761,0.93983777, 0.27630622,-0.08129847,0.04937843,-0.29141348,0.95532191,0.02349801, 0.00000000,0.00000000,0.00000000,1.00000000]
 MEAN_ERR:0.00249603
 STD_DEV:0.00207711
 DELTA_ERROR:-0.00006743
ITERATION:10
 QUICK_CONVERGE: 1
 TRANSFORMATION:[0.97723153,-0.18429544,-0.10513670,0.03916400,0.20660902,0.93931216, 0.27387109,-0.08026095,0.04828299,-0.28935765,0.95600256,0.02317203, 0.00000000,0.00000000,0.00000000,1.00000000]
 MEAN_ERR:0.00243524
 STD_DEV:0.00204424
 DELTA_ERROR:-0.00006079
ITERATION:11
 QUICK_CONVERGE: 1
 TRANSFORMATION:[0.97616340,-0.18976302,-0.10533284,0.03949423,0.21181250,0.93879344, 0.27166585,-0.07931144,0.04733365,-0.28750107,0.95660998,0.02287624, 0.00000000,0.00000000,0.00000000,1.00000000]
 MEAN_ERR:0.00238197
 STD_DEV:0.00201377
 DELTA_ERROR:-0.00005327
ITERATION:12
 QUICK_CONVERGE: 1
 TRANSFORMATION:[0.97526216,-0.19426864,-0.10546759,0.03979756,0.21609243,0.93836490, 0.26976911,-0.07847984,0.04655941,-0.28588635,0.95713176,0.02261272, 0.00000000,0.00000000,0.00000000,1.00000000]
 MEAN_ERR:0.00233503
 STD_DEV:0.00198483
 DELTA_ERROR:-0.00004694
ITERATION:13
 QUICK_CONVERGE: 1
 TRANSFORMATION:[0.97444978,-0.19823779,-0.10559070,0.04009853,0.21986882,0.93795444, 0.26814020,-0.07775535,0.04588374,-0.28450527,0.95757581,0.02237697, 0.00000000,0.00000000,0.00000000,1.00000000]
 MEAN_ERR:0.00229338
 STD_DEV:0.00195846
 DELTA_ERROR:-0.00004165
ITERATION:14
 QUICK_CONVERGE: 1
 TRANSFORMATION:[0.97375901,-0.20153174,-0.10572772,0.04039547,0.22300665,0.93764704, 0.26661969,-0.07708211,0.04540295,-0.28320131,0.95798517,0.02216041, 0.00000000,0.00000000,0.00000000,1.00000000]
 MEAN_ERR:0.00225753
 STD_DEV:0.00193286
 DELTA_ERROR:-0.00003586
ITERATION:15
 QUICK_CONVERGE: 1
 TRANSFORMATION:[0.97318146,-0.20425982,-0.10581006,0.04067178,0.22559222,0.93742033, 0.26523815,-0.07646713,0.04501100,-0.28199478,0.95835951,0.02195927, 0.00000000,0.00000000,0.00000000,1.00000000]
 MEAN_ERR:0.00222591
 STD_DEV:0.00190978
 DELTA_ERROR:-0.00003162
ITERATION:16
 QUICK_CONVERGE: 1
 TRANSFORMATION:[0.97274068,-0.20639822,-0.10571347,0.04087929,0.22756868,0.93728303, 0.26403223,-0.07592283,0.04458766,-0.28089197,0.95870311,0.02177269, 0.00000000,0.00000000,0.00000000,1.00000000]
 MEAN_ERR:0.00219582
 STD_DEV:0.00188954
 DELTA_ERROR:-0.00003009
ITERATION:17
 QUICK_CONVERGE: 1
 TRANSFORMATION:[0.97236286,-0.20821043,-0.10563559,0.04108623,0.22923833,0.93720872, 0.26284902,-0.07539851,0.04427469,-0.27980036,0.95903676,0.02159501, 0.00000000,0.00000000,0.00000000,1.00000000]
 MEAN_ERR:0.00217079
 STD_DEV:0.00187012
 DELTA_ERROR:-0.00002503
ITERATION:18
 QUICK_CONVERGE: 1
 TRANSFORMATION:[0.97205992,-0.20961486,-0.10564625,0.04131904,0.23055032,0.93715926, 0.26187605,-0.07495456,0.04411425,-0.27891599,0.95930173,0.02144109, 0.00000000,0.00000000,0.00000000,1.00000000]
 MEAN_ERR:0.00214681
 STD_DEV:0.00185308
 DELTA_ERROR:-0.00002398
ITERATION:19
 QUICK_CONVERGE: 1
 TRANSFORMATION:[0.97188168,-0.21047073,-0.10558439,0.04152186,0.23132669,0.93715961, 0.26118926,-0.07461417,0.04397673,-0.27826954,0.95949576,0.02131372, 0.00000000,0.00000000,0.00000000,1.00000000]
 MEAN_ERR:0.00212434
 STD_DEV:0.00183830
 DELTA_ERROR:-0.00002247
ITERATION:20
 QUICK_CONVERGE: 1
 TRANSFORMATION:[0.97178341,-0.21100681,-0.10541882,0.04168758,0.23176987,0.93721771, 0.26058722,-0.07431354,0.04381471,-0.27766725,0.95967764,0.02119284, 0.00000000,0.00000000,0.00000000,1.00000000]
 MEAN_ERR:0.00210459
 STD_DEV:0.00182386
 DELTA_ERROR:-0.00001975
ITERATION:21
 QUICK_CONVERGE: 1
 TRANSFORMATION:[0.97177911,-0.21117783,-0.10511556,0.04180419,0.23182189,0.93737807, 0.25996339,-0.07401964,0.04363452,-0.27699508,0.95988007,0.02107018, 0.00000000,0.00000000,0.00000000,1.00000000]
 MEAN_ERR:0.00208613
 STD_DEV:0.00181058
 DELTA_ERROR:-0.00001846
ITERATION:22
 QUICK_CONVERGE: 1
 TRANSFORMATION:[0.97184873,-0.21098148,-0.10486593,0.04193121,0.23153456,0.93762283, 0.25933604,-0.07373497,0.04360959,-0.27631548,0.96007706,0.02095317, 0.00000000,0.00000000,0.00000000,1.00000000]
 MEAN_ERR:0.00206994
 STD_DEV:0.00179770
 DELTA_ERROR:-0.00001620
ITERATION:23
 QUICK_CONVERGE: 1
 TRANSFORMATION:[0.97197488,-0.21057416,-0.10451487,0.04202310,0.23102712,0.93785182, 0.25896029,-0.07353874,0.04348911,-0.27584866,0.96021675,0.02085653, 0.00000000,0.00000000,0.00000000,1.00000000]
 MEAN_ERR:0.00205534
 STD_DEV:0.00178526
 DELTA_ERROR:-0.00001460
ITERATION:24
 QUICK_CONVERGE: 1
 TRANSFORMATION:[0.97215582,-0.20994311,-0.10410064,0.04209262,0.23028747,0.93813136, 0.25860631,-0.07335870,0.04336746,-0.27537870,0.96035714,0.02076311, 0.00000000,0.00000000,0.00000000,1.00000000]
 MEAN_ERR:0.00204116
 STD_DEV:0.00177361
 DELTA_ERROR:-0.00001417
ITERATION:25
 QUICK_CONVERGE: 1
 TRANSFORMATION:[0.97239873,-0.20896615,-0.10379717,0.04219165,0.22925280,0.93843315, 0.25843062,-0.07324314,0.04340345,-0.27509340,0.96043728,0.02068819, 0.00000000,0.00000000,0.00000000,1.00000000]
 MEAN_ERR:0.00202815
 STD_DEV:0.00176214
 DELTA_ERROR:-0.00001301
ITERATION:26
 QUICK_CONVERGE: 1
 TRANSFORMATION:[0.97270977,-0.20768635,-0.10345090,0.04227839,0.22791885,0.93877716, 0.25836105,-0.07316953,0.04345928,-0.27488873,0.96049335,0.02062227, 0.00000000,0.00000000,0.00000000,1.00000000]
 MEAN_ERR:0.00201503
 STD_DEV:0.00175146
 DELTA_ERROR:-0.00001312
ITERATION:27
 QUICK_CONVERGE: 1
 TRANSFORMATION:[0.97304740,-0.20635153,-0.10294560,0.04231003,0.22648337,0.93917133, 0.25819083,-0.07306786,0.04340549,-0.27454738,0.96059341,0.02054650, 0.00000000,0.00000000,0.00000000,1.00000000]
 MEAN_ERR:0.00200211
 STD_DEV:0.00174072
 DELTA_ERROR:-0.00001292
ITERATION:28
 QUICK_CONVERGE: 1
 TRANSFORMATION:[0.97339537,-0.20491935,-0.10251591,0.04236367,0.22497527,0.93957784, 0.25803027,-0.07297726,0.04344628,-0.27422901,0.96068250,0.02047684, 0.00000000,0.00000000,0.00000000,1.00000000]
 MEAN_ERR:0.00199009
 STD_DEV:0.00172986
 DELTA_ERROR:-0.00001203
ITERATION:29
 QUICK_CONVERGE: 1
 TRANSFORMATION:[0.97381870,-0.20316313,-0.10198965,0.04238436,0.22313301,0.94002965, 0.25798432,-0.07293035,0.04346039,-0.27398721,0.96075085,0.02041615, 0.00000000,0.00000000,0.00000000,1.00000000]
 MEAN_ERR:0.00197779
 STD_DEV:0.00171989
 DELTA_ERROR:-0.00001230
ITERATION:30
 QUICK_CONVERGE: 1
 TRANSFORMATION:[0.97423927,-0.20137688,-0.10151450,0.04241423,0.22127649,0.94047725, 0.25795205,-0.07289086,0.04352649,-0.27376979,0.96080984,0.02035953, 0.00000000,0.00000000,0.00000000,1.00000000]
 MEAN_ERR:0.00196653
 STD_DEV:0.00170948
 DELTA_ERROR:-0.00001125
ITERATION:31
 QUICK_CONVERGE: 1
 TRANSFORMATION:[0.97466808,-0.19951388,-0.10107591,0.04245736,0.21935611,0.94093492, 0.25792321,-0.07285699,0.04364660,-0.27356114,0.96086382,0.02030516, 0.00000000,0.00000000,0.00000000,1.00000000]
 MEAN_ERR:0.00195575
 STD_DEV:0.00169944
 DELTA_ERROR:-0.00001079
ITERATION:32
 QUICK_CONVERGE: 1
 TRANSFORMATION:[0.97512587,-0.19753284,-0.10055005,0.04247284,0.21730632,0.94136704, 0.25808151,-0.07288214,0.04367493,-0.27351212,0.96087649,0.02026158, 0.00000000,0.00000000,0.00000000,1.00000000]
 MEAN_ERR:0.00194408
 STD_DEV:0.00168990
 DELTA_ERROR:-0.00001166
ITERATION:33
 QUICK_CONVERGE: 1
 TRANSFORMATION:[0.97558171,-0.19557577,-0.09995225,0.04246026,0.21525752,0.94180895, 0.25818617,-0.07289391,0.04364096,-0.27339718,0.96091074,0.02021269, 0.00000000,0.00000000,0.00000000,1.00000000]
 MEAN_ERR:0.00193260
 STD_DEV:0.00167986
 DELTA_ERROR:-0.00001149
ITERATION:34
 QUICK_CONVERGE: 1
 TRANSFORMATION:[0.97606749,-0.19343949,-0.09936507,0.04245491,0.21303982,0.94227761, 0.25831558,-0.07291755,0.04366105,-0.27330216,0.96093686,0.02016788, 0.00000000,0.00000000,0.00000000,1.00000000]
 MEAN_ERR:0.00192196
 STD_DEV:0.00166965
 DELTA_ERROR:-0.00001064
ITERATION:35
 QUICK_CONVERGE: 1
 TRANSFORMATION:[0.97660676,-0.19100530,-0.09877350,0.04244682,0.21053546,0.94279241, 0.25849041,-0.07295938,0.04374986,-0.27323881,0.96095083,0.02012632, 0.00000000,0.00000000,0.00000000,1.00000000]
 MEAN_ERR:0.00191037
 STD_DEV:0.00165938
 DELTA_ERROR:-0.00001159
ITERATION:36
 QUICK_CONVERGE: 1
 TRANSFORMATION:[0.97712566,-0.18867740,-0.09811365,0.04241229,0.20811082,0.94330801, 0.25857278,-0.07297403,0.04376455,-0.27307661,0.96099627,0.02007730, 0.00000000,0.00000000,0.00000000,1.00000000]
 MEAN_ERR:0.00189900
 STD_DEV:0.00164888
 DELTA_ERROR:-0.00001137
ITERATION:37
 QUICK_CONVERGE: 1
 TRANSFORMATION:[0.97764639,-0.18629212,-0.09748217,0.04238401,0.20564089,0.94381348, 0.25870433,-0.07300453,0.04381041,-0.27296767,0.96102513,0.02003419, 0.00000000,0.00000000,0.00000000,1.00000000]
 MEAN_ERR:0.00188829
 STD_DEV:0.00163867
 DELTA_ERROR:-0.00001071
ITERATION:38
 QUICK_CONVERGE: 1
 TRANSFORMATION:[0.97816062,-0.18392453,-0.09681717,0.04234522,0.20318093,0.94429797, 0.25888001,-0.07305080,0.04380987,-0.27289763,0.96104504,0.01999298, 0.00000000,0.00000000,0.00000000,1.00000000]
 MEAN_ERR:0.00187758
 STD_DEV:0.00162841
 DELTA_ERROR:-0.00001072
ITERATION:39
 QUICK_CONVERGE: 1
 TRANSFORMATION:[0.97866160,-0.18155410,-0.09622674,0.04232640,0.20073306,0.94480736, 0.25893105,-0.07306103,0.04390574,-0.27272176,0.96109059,0.01994523, 0.00000000,0.00000000,0.00000000,1.00000000]
 MEAN_ERR:0.00186723
 STD_DEV:0.00161793
 DELTA_ERROR:-0.00001034
ITERATION:40
 QUICK_CONVERGE: 1
 TRANSFORMATION:[0.97914214,-0.17931055,-0.09554263,0.04227711,0.19838177,0.94529185, 0.25897487,-0.07307171,0.04387875,-0.27252713,0.96114703,0.01989525, 0.00000000,0.00000000,0.00000000,1.00000000]
 MEAN_ERR:0.00185667
 STD_DEV:0.00160834
 DELTA_ERROR:-0.00001057
ITERATION:41
 QUICK_CONVERGE: 1
 TRANSFORMATION:[0.97963499,-0.17692310,-0.09493945,0.04225435,0.19591909,0.94576145, 0.25913507,-0.07311961,0.04394309,-0.27245824,0.96116363,0.01985849, 0.00000000,0.00000000,0.00000000,1.00000000]
 MEAN_ERR:0.00184596
 STD_DEV:0.00159905
 DELTA_ERROR:-0.00001071
ITERATION:42
 QUICK_CONVERGE: 1
 TRANSFORMATION:[0.98011470,-0.17453691,-0.09440362,0.04224767,0.19347566,0.94622317, 0.25928531,-0.07316466,0.04407204,-0.27239415,0.96117589,0.01982407, 0.00000000,0.00000000,0.00000000,1.00000000]
 MEAN_ERR:0.00183560
 STD_DEV:0.00158921
 DELTA_ERROR:-0.00001036
ITERATION:43
 QUICK_CONVERGE: 1
 TRANSFORMATION:[0.98061679,-0.17207634,-0.09370406,0.04219092,0.19091687,0.94669468, 0.25946085,-0.07322278,0.04406206,-0.27232135,0.96119697,0.01978582, 0.00000000,0.00000000,0.00000000,1.00000000]
 MEAN_ERR:0.00182521
 STD_DEV:0.00158003
 DELTA_ERROR:-0.00001040
ITERATION:44
 QUICK_CONVERGE: 1
 TRANSFORMATION:[0.98109027,-0.16971784,-0.09304694,0.04214508,0.18846358,0.94716634, 0.25953305,-0.07324895,0.04408354,-0.27216131,0.96124131,0.01974379, 0.00000000,0.00000000,0.00000000,1.00000000]
 MEAN_ERR:0.00181434
 STD_DEV:0.00157083
 DELTA_ERROR:-0.00001086
ITERATION:45
 QUICK_CONVERGE: 1
 TRANSFORMATION:[0.98155324,-0.16735727,-0.09243800,0.04211557,0.18602869,0.94758504, 0.25976128,-0.07332448,0.04411993,-0.27216565,0.96123842,0.01971591, 0.00000000,0.00000000,0.00000000,1.00000000]
 MEAN_ERR:0.00180461
 STD_DEV:0.00156109
 DELTA_ERROR:-0.00000974
ITERATION:46
 QUICK_CONVERGE: 1
 TRANSFORMATION:[0.98199329,-0.16511017,-0.09180316,0.04207233,0.18368701,0.94803483, 0.25978654,-0.07333825,0.04413920,-0.27197168,0.96129243,0.01967043, 0.00000000,0.00000000,0.00000000,1.00000000]
 MEAN_ERR:0.00179443
 STD_DEV:0.00155194
 DELTA_ERROR:-0.00001018
ITERATION:47
 QUICK_CONVERGE: 1
 TRANSFORMATION:[0.98244100,-0.16278460,-0.09116390,0.04202834,0.18126961,0.94848618, 0.25983705,-0.07335804,0.04417023,-0.27179981,0.96133961,0.01962629, 0.00000000,0.00000000,0.00000000,1.00000000]
 MEAN_ERR:0.00178458
 STD_DEV:0.00154320
 DELTA_ERROR:-0.00000985
ITERATION:48
 QUICK_CONVERGE: 1
 TRANSFORMATION:[0.98288640,-0.16048672,-0.09043419,0.04195718,0.17885341,0.94893653, 0.25986713,-0.07337798,0.04411109,-0.27159433,0.96140040,0.01957970, 0.00000000,0.00000000,0.00000000,1.00000000]
 MEAN_ERR:0.00177501
 STD_DEV:0.00153386
 DELTA_ERROR:-0.00000956
ITERATION:49
 QUICK_CONVERGE: 1
 TRANSFORMATION:[0.98331438,-0.15820454,-0.08980058,0.04191070,0.17648187,0.94935310, 0.25996701,-0.07341883,0.04412450,-0.27147747,0.96143279,0.01954265, 0.00000000,0.00000000,0.00000000,1.00000000]
 MEAN_ERR:0.00176521
 STD_DEV:0.00152479
 DELTA_ERROR:-0.00000980
ITERATION:50
 QUICK_CONVERGE: 1
 TRANSFORMATION:[0.98371676,-0.15603629,-0.08918525,0.04187122,0.17422042,0.94977290, 0.25995902,-0.07342396,0.04414269,-0.27126393,0.96149223,0.01949552, 0.00000000,0.00000000,0.00000000,1.00000000]
 MEAN_ERR:0.00175515
 STD_DEV:0.00151675
 DELTA_ERROR:-0.00001006
ITERATION:51
 QUICK_CONVERGE: 1
 TRANSFORMATION:[0.98411416,-0.15386608,-0.08856948,0.04183043,0.17195805,0.95018122, 0.25997324,-0.07343351,0.04415599,-0.27107358,0.96154530,0.01945257, 0.00000000,0.00000000,0.00000000,1.00000000]
 MEAN_ERR:0.00174546
 STD_DEV:0.00150823
 DELTA_ERROR:-0.00000969
ITERATION:52
 QUICK_CONVERGE: 1
 TRANSFORMATION:[0.98448685,-0.15180540,-0.08798158,0.04179310,0.16981341,0.95053720, 0.26008159,-0.07347266,0.04414798,-0.27098736,0.96156997,0.01941788, 0.00000000,0.00000000,0.00000000,1.00000000]
 MEAN_ERR:0.00173607
 STD_DEV:0.00149988
 DELTA_ERROR:-0.00000938
ITERATION:53
 QUICK_CONVERGE: 1
 TRANSFORMATION:[0.98486021,-0.14967348,-0.08745412,0.04177411,0.16761609,0.95089980, 0.26018149,-0.07351134,0.04421783,-0.27090111,0.96159106,0.01938293, 0.00000000,0.00000000,0.00000000,1.00000000]
 MEAN_ERR:0.00172667
 STD_DEV:0.00149268
 DELTA_ERROR:-0.00000941
ITERATION:54
 QUICK_CONVERGE: 1
 TRANSFORMATION:[0.98526128,-0.14738625,-0.08681876,0.04172365,0.16523559,0.95131251, 0.26019550,-0.07352285,0.04424254,-0.27070611,0.96164484,0.01934058, 0.00000000,0.00000000,0.00000000,1.00000000]
 MEAN_ERR:0.00171745
 STD_DEV:0.00148483
 DELTA_ERROR:-0.00000922
ITERATION:55
 QUICK_CONVERGE: 1
 TRANSFORMATION:[0.98562364,-0.14528966,-0.08623777,0.04168881,0.16305703,0.95166656, 0.26027518,-0.07355686,0.04425431,-0.27059505,0.96167556,0.01930289, 0.00000000,0.00000000,0.00000000,1.00000000]
 MEAN_ERR:0.00170836
 STD_DEV:0.00147601
 DELTA_ERROR:-0.00000909
ITERATION:56
 QUICK_CONVERGE: 1
 TRANSFORMATION:[0.98598395,-0.14318044,-0.08564465,0.04164361,0.16086147,0.95202763, 0.26032092,-0.07358173,0.04426321,-0.27044918,0.96171618,0.01926624, 0.00000000,0.00000000,0.00000000,1.00000000]
 MEAN_ERR:0.00169917
 STD_DEV:0.00146826
 DELTA_ERROR:-0.00000919
ITERATION:57
 QUICK_CONVERGE: 1
 TRANSFORMATION:[0.98635964,-0.14096211,-0.08499619,0.04158412,0.15854994,0.95237703, 0.26046097,-0.07364129,0.04423330,-0.27038433,0.96173579,0.01923239, 0.00000000,0.00000000,0.00000000,1.00000000]
 MEAN_ERR:0.00169003
 STD_DEV:0.00146106
 DELTA_ERROR:-0.00000914
ITERATION:58
 QUICK_CONVERGE: 1
 TRANSFORMATION:[0.98671645,-0.13889703,-0.08425122,0.04149342,0.15635666,0.95272280, 0.26052230,-0.07367593,0.04408228,-0.27023487,0.96178473,0.01919305, 0.00000000,0.00000000,0.00000000,1.00000000]
 MEAN_ERR:0.00167985
 STD_DEV:0.00145423
 DELTA_ERROR:-0.00001018
ITERATION:59
 QUICK_CONVERGE: 1
 TRANSFORMATION:[0.98708041,-0.13670712,-0.08356686,0.04142399,0.15406211,0.95306351, 0.26064309,-0.07372858,0.04401276,-0.27015018,0.96181171,0.01915781, 0.00000000,0.00000000,0.00000000,1.00000000]
 MEAN_ERR:0.00167023
 STD_DEV:0.00144676
 DELTA_ERROR:-0.00000962
ITERATION:60
 QUICK_CONVERGE: 1
 TRANSFORMATION:[0.98742228,-0.13458950,-0.08296329,0.04137748,0.15185759,0.95339470, 0.26072554,-0.07376913,0.04400584,-0.27004482,0.96184161,0.01912361, 0.00000000,0.00000000,0.00000000,1.00000000]
 MEAN_ERR:0.00166043
 STD_DEV:0.00143933
 DELTA_ERROR:-0.00000979
ITERATION:61
 QUICK_CONVERGE: 1
 TRANSFORMATION:[0.98777425,-0.13233912,-0.08239162,0.04134518,0.14953767,0.95371445, 0.26089699,-0.07383583,0.04405120,-0.27002798,0.96184426,0.01909692, 0.00000000,0.00000000,0.00000000,1.00000000]
 MEAN_ERR:0.00165041
 STD_DEV:0.00143230
 DELTA_ERROR:-0.00001003
ITERATION:62
 QUICK_CONVERGE: 1
 TRANSFORMATION:[0.98812025,-0.13011476,-0.08178338,0.04129564,0.14722980,0.95404582, 0.26099801,-0.07387605,0.04406540,-0.26993837,0.96186876,0.01906349, 0.00000000,0.00000000,0.00000000,1.00000000]
 MEAN_ERR:0.00164104
 STD_DEV:0.00142395
 DELTA_ERROR:-0.00000937
ITERATION:63
 QUICK_CONVERGE: 1
 TRANSFORMATION:[0.98845399,-0.12799342,-0.08109497,0.04122274,0.14500137,0.95434965, 0.26113473,-0.07392852,0.04396943,-0.26987855,0.96188994,0.01903025, 0.00000000,0.00000000,0.00000000,1.00000000]
 MEAN_ERR:0.00163225
 STD_DEV:0.00141536
 DELTA_ERROR:-0.00000879
ITERATION:64
 QUICK_CONVERGE: 1
 TRANSFORMATION:[0.98877459,-0.12584944,-0.08054029,0.04119168,0.14278678,0.95464974, 0.26125814,-0.07397996,0.04400858,-0.26982550,0.96190303,0.01899967, 0.00000000,0.00000000,0.00000000,1.00000000]
 MEAN_ERR:0.00162267
 STD_DEV:0.00140735
 DELTA_ERROR:-0.00000958
ITERATION:65
 QUICK_CONVERGE: 1
 TRANSFORMATION:[0.98911944,-0.12364392,-0.07971776,0.04107800,0.14044596,0.95492918, 0.26150564,-0.07407058,0.04379123,-0.26985635,0.96190430,0.01897009, 0.00000000,0.00000000,0.00000000,1.00000000]
 MEAN_ERR:0.00161301
 STD_DEV:0.00139945
 DELTA_ERROR:-0.00000966
ITERATION:66
 QUICK_CONVERGE: 1
 TRANSFORMATION:[0.98945890,-0.12140203,-0.07894702,0.04098404,0.13808211,0.95521814, 0.26170905,-0.07414886,0.04363961,-0.26985152,0.96191254,0.01893753, 0.00000000,0.00000000,0.00000000,1.00000000]
 MEAN_ERR:0.00160392
 STD_DEV:0.00139001
 DELTA_ERROR:-0.00000909
ITERATION:67
 QUICK_CONVERGE: 1
 TRANSFORMATION:[0.98980763,-0.11904758,-0.07815711,0.04088742,0.13560010,0.95554445, 0.26181561,-0.07419817,0.04351408,-0.26974520,0.96194805,0.01889830, 0.00000000,0.00000000,0.00000000,1.00000000]
 MEAN_ERR:0.00159439
 STD_DEV:0.00137975
 DELTA_ERROR:-0.00000953
ITERATION:68
 QUICK_CONVERGE: 1
 TRANSFORMATION:[0.99014989,-0.11666654,-0.07740877,0.04080681,0.13310935,0.95583148, 0.26204597,-0.07428695,0.04341774,-0.26976862,0.96194584,0.01887044, 0.00000000,0.00000000,0.00000000,1.00000000]
 MEAN_ERR:0.00158350
 STD_DEV:0.00137031
 DELTA_ERROR:-0.00001089
ITERATION:69
 QUICK_CONVERGE: 1
 TRANSFORMATION:[0.99048445,-0.11426134,-0.07671312,0.04073868,0.13060930,0.95611513, 0.26226909,-0.07437337,0.04337936,-0.26979290,0.96194076,0.01884334, 0.00000000,0.00000000,0.00000000,1.00000000]
 MEAN_ERR:0.00157208
 STD_DEV:0.00136074
 DELTA_ERROR:-0.00001142
ITERATION:70
 QUICK_CONVERGE: 1
 TRANSFORMATION:[0.99081279,-0.11180724,-0.07608652,0.04069494,0.12807326,0.95644279, 0.26232506,-0.07440240,0.04344256,-0.26965968,0.96197526,0.01880552, 0.00000000,0.00000000,0.00000000,1.00000000]
 MEAN_ERR:0.00156171
 STD_DEV:0.00135040
 DELTA_ERROR:-0.00001036
ITERATION:71
 QUICK_CONVERGE: 1
 TRANSFORMATION:[0.99113300,-0.10940443,-0.07540584,0.04063195,0.12557449,0.95674471, 0.26243209,-0.07444692,0.04343291,-0.26957415,0.96199967,0.01877021, 0.00000000,0.00000000,0.00000000,1.00000000]
 MEAN_ERR:0.00155131
 STD_DEV:0.00133970
 DELTA_ERROR:-0.00001040
ITERATION:72
 QUICK_CONVERGE: 1
 TRANSFORMATION:[0.99143365,-0.10712089,-0.07472904,0.04057517,0.12319112,0.95703035, 0.26252020,-0.07448269,0.04339656,-0.26947732,0.96202844,0.01873321, 0.00000000,0.00000000,0.00000000,1.00000000]
 MEAN_ERR:0.00154103
 STD_DEV:0.00132923
 DELTA_ERROR:-0.00001028
ITERATION:73
 QUICK_CONVERGE: 1
 TRANSFORMATION:[0.99172288,-0.10485675,-0.07409990,0.04053288,0.12083797,0.95731508, 0.26257576,-0.07450918,0.04340411,-0.26935647,0.96206194,0.01869284, 0.00000000,0.00000000,0.00000000,1.00000000]
 MEAN_ERR:0.00152986
 STD_DEV:0.00131887
 DELTA_ERROR:-0.00001117
ITERATION:74
 QUICK_CONVERGE: 1
 TRANSFORMATION:[0.99201713,-0.10253587,-0.07340581,0.04046975,0.11841206,0.95760612, 0.26261969,-0.07453496,0.04336592,-0.26921537,0.96210316,0.01865101, 0.00000000,0.00000000,0.00000000,1.00000000]
 MEAN_ERR:0.00151873
 STD_DEV:0.00130840
 DELTA_ERROR:-0.00001113
ITERATION:75
 QUICK_CONVERGE: 1
 TRANSFORMATION:[0.99230617,-0.10024315,-0.07266204,0.04038817,0.11599647,0.95791117, 0.26258524,-0.07454088,0.04328141,-0.26899349,0.96216902,0.01860264, 0.00000000,0.00000000,0.00000000,1.00000000]
 MEAN_ERR:0.00150692
 STD_DEV:0.00129831
 DELTA_ERROR:-0.00001182
ITERATION:76
 QUICK_CONVERGE: 1
 TRANSFORMATION:[0.99258695,-0.09790587,-0.07201101,0.04033876,0.11356554,0.95819633, 0.26260745,-0.07456369,0.04328987,-0.26883869,0.96221190,0.01856173, 0.00000000,0.00000000,0.00000000,1.00000000]
 MEAN_ERR:0.00149524
 STD_DEV:0.00128886
 DELTA_ERROR:-0.00001167
ITERATION:77
 QUICK_CONVERGE: 1
 TRANSFORMATION:[0.99284518,-0.09565773,-0.07147061,0.04032494,0.11124885,0.95847236, 0.26259177,-0.07457138,0.04338367,-0.26866399,0.96225647,0.01852081, 0.00000000,0.00000000,0.00000000,1.00000000]
 MEAN_ERR:0.00148251
 STD_DEV:0.00127926
 DELTA_ERROR:-0.00001273
ITERATION:78
 QUICK_CONVERGE: 1
 TRANSFORMATION:[0.99309452,-0.09351461,-0.07083985,0.04028067,0.10901235,0.95871474, 0.26264492,-0.07459668,0.04335407,-0.26855365,0.96228861,0.01848423, 0.00000000,0.00000000,0.00000000,1.00000000]
 MEAN_ERR:0.00147052
 STD_DEV:0.00126955
 DELTA_ERROR:-0.00001199
ITERATION:79
 QUICK_CONVERGE: 1
 TRANSFORMATION:[0.99332183,-0.09151388,-0.07026344,0.04024795,0.10692131,0.95897635, 0.26254941,-0.07457440,0.04335406,-0.26830872,0.96235693,0.01843681, 0.00000000,0.00000000,0.00000000,1.00000000]
 MEAN_ERR:0.00145957
 STD_DEV:0.00125925
 DELTA_ERROR:-0.00001096
ITERATION:80
 QUICK_CONVERGE: 1
 TRANSFORMATION:[0.99353558,-0.08960941,-0.06969361,0.04022022,0.10492272,0.95923732, 0.26240232,-0.07453497,0.04333899,-0.26801848,0.96243848,0.01838470, 0.00000000,0.00000000,0.00000000,1.00000000]
 MEAN_ERR:0.00144908
 STD_DEV:0.00124950
 DELTA_ERROR:-0.00001049
ITERATION:81
 QUICK_CONVERGE: 1
 TRANSFORMATION:[0.99374122,-0.08767824,-0.06921642,0.04021906,0.10292452,0.95948660, 0.26228230,-0.07450375,0.04341578,-0.26776480,0.96250563,0.01833761, 0.00000000,0.00000000,0.00000000,1.00000000]
 MEAN_ERR:0.00143754
 STD_DEV:0.00124050
 DELTA_ERROR:-0.00001154
ITERATION:82
 QUICK_CONVERGE: 1
 TRANSFORMATION:[0.99396273,-0.08561939,-0.06861053,0.04018195,0.10076876,0.95974670, 0.26216774,-0.07447801,0.04340209,-0.26749876,0.96258022,0.01828671, 0.00000000,0.00000000,0.00000000,1.00000000]
 MEAN_ERR:0.00142537
 STD_DEV:0.00123226
 DELTA_ERROR:-0.00001217
ITERATION:83
 QUICK_CONVERGE: 1
 TRANSFORMATION:[0.99416898,-0.08366333,-0.06803293,0.04014737,0.09872459,0.95996211, 0.26215684,-0.07448364,0.04337612,-0.26734472,0.96262418,0.01824363, 0.00000000,0.00000000,0.00000000,1.00000000]
 MEAN_ERR:0.00141228
 STD_DEV:0.00122419
 DELTA_ERROR:-0.00001308
ITERATION:84
 QUICK_CONVERGE: 1
 TRANSFORMATION:[0.99436712,-0.08174647,-0.06746517,0.04011316,0.09671844,0.96018461, 0.26208979,-0.07447238,0.04335410,-0.26713859,0.96268240,0.01819874, 0.00000000,0.00000000,0.00000000,1.00000000]
 MEAN_ERR:0.00140043
 STD_DEV:0.00121611
 DELTA_ERROR:-0.00001185
ITERATION:85
 QUICK_CONVERGE: 1
 TRANSFORMATION:[0.99456078,-0.07986409,-0.06686243,0.04006730,0.09473514,0.96040755, 0.26199732,-0.07445166,0.04329101,-0.26690648,0.96274961,0.01815291, 0.00000000,0.00000000,0.00000000,1.00000000]
 MEAN_ERR:0.00139013
 STD_DEV:0.00120708
 DELTA_ERROR:-0.00001030
ITERATION:86
 QUICK_CONVERGE: 1
 TRANSFORMATION:[0.99473081,-0.07811956,-0.06639246,0.04006672,0.09291898,0.96061973, 0.26186981,-0.07441823,0.04332075,-0.26665908,0.96281683,0.01810578, 0.00000000,0.00000000,0.00000000,1.00000000]
 MEAN_ERR:0.00137975
 STD_DEV:0.00119800
 DELTA_ERROR:-0.00001038
ITERATION:87
 QUICK_CONVERGE: 1
 TRANSFORMATION:[0.99488558,-0.07651896,-0.06593579,0.04006824,0.09124490,0.96081802, 0.26173099,-0.07438004,0.04332492,-0.26640869,0.96288595,0.01805884, 0.00000000,0.00000000,0.00000000,1.00000000]
 MEAN_ERR:0.00136912
 STD_DEV:0.00118887
 DELTA_ERROR:-0.00001062
ITERATION:88
 QUICK_CONVERGE: 1
 TRANSFORMATION:[0.99504402,-0.07488601,-0.06541772,0.04004301,0.08952005,0.96103729, 0.26152148,-0.07431902,0.04328456,-0.26608158,0.96297821,0.01800397, 0.00000000,0.00000000,0.00000000,1.00000000]
 MEAN_ERR:0.00135949
 STD_DEV:0.00117975
 DELTA_ERROR:-0.00000963
ITERATION:89
 QUICK_CONVERGE: 1
 TRANSFORMATION:[0.99518760,-0.07334314,-0.06498023,0.04004177,0.08790672,0.96122526, 0.26137789,-0.07428034,0.04329037,-0.26583223,0.96304682,0.01795722, 0.00000000,0.00000000,0.00000000,1.00000000]
 MEAN_ERR:0.00135023
 STD_DEV:0.00117139
 DELTA_ERROR:-0.00000927
ITERATION:90
 QUICK_CONVERGE: 1
 TRANSFORMATION:[0.99532629,-0.07183575,-0.06453832,0.04004126,0.08631972,0.96144917, 0.26108313,-0.07419558,0.04329521,-0.26543384,0.96315648,0.01789808, 0.00000000,0.00000000,0.00000000,1.00000000]
 MEAN_ERR:0.00134026
 STD_DEV:0.00116384
 DELTA_ERROR:-0.00000997
ITERATION:91
 QUICK_CONVERGE: 1
 TRANSFORMATION:[0.99547427,-0.07025421,-0.06399469,0.04000860,0.08464072,0.96163834, 0.26093610,-0.07415773,0.04320789,-0.26517173,0.96323259,0.01784787, 0.00000000,0.00000000,0.00000000,1.00000000]
 MEAN_ERR:0.00132957
 STD_DEV:0.00115648
 DELTA_ERROR:-0.00001069
ITERATION:92
 QUICK_CONVERGE: 1
 TRANSFORMATION:[0.99561897,-0.06863363,-0.06350025,0.03998737,0.08293854,0.96181828, 0.26081947,-0.07413095,0.04317471,-0.26494343,0.96329690,0.01780202, 0.00000000,0.00000000,0.00000000,1.00000000]
 MEAN_ERR:0.00131844
 STD_DEV:0.00114959
 DELTA_ERROR:-0.00001114
ITERATION:93
 QUICK_CONVERGE: 1
 TRANSFORMATION:[0.99576652,-0.06694957,-0.06298248,0.03995529,0.08116367,0.96203288, 0.26058627,-0.07406394,0.04314507,-0.26459497,0.96339400,0.01775014, 0.00000000,0.00000000,0.00000000,1.00000000]
 MEAN_ERR:0.00130778
 STD_DEV:0.00114315
 DELTA_ERROR:-0.00001065
ITERATION:94
 QUICK_CONVERGE: 1
 TRANSFORMATION:[0.99590285,-0.06529174,-0.06256604,0.03995610,0.07945063,0.96218112, 0.26056686,-0.07406773,0.04318700,-0.26447019,0.96342639,0.01771743, 0.00000000,0.00000000,0.00000000,1.00000000]
 MEAN_ERR:0.00129795
 STD_DEV:0.00113620
 DELTA_ERROR:-0.00000983
ITERATION:95
 QUICK_CONVERGE: 1
 TRANSFORMATION:[0.99604350,-0.06363709,-0.06202963,0.03991793,0.07770912,0.96232733, 0.26055211,-0.07407244,0.04311203,-0.26434150,0.96346506,0.01768288, 0.00000000,0.00000000,0.00000000,1.00000000]
 MEAN_ERR:0.00128865
 STD_DEV:0.00112833
 DELTA_ERROR:-0.00000930
ITERATION:96
 QUICK_CONVERGE: 1
 TRANSFORMATION:[0.99618154,-0.06188816,-0.06158083,0.03991040,0.07589774,0.96248815, 0.26049201,-0.07406389,0.04314945,-0.26417117,0.96351010,0.01764690, 0.00000000,0.00000000,0.00000000,1.00000000]
 MEAN_ERR:0.00127895
 STD_DEV:0.00112093
 DELTA_ERROR:-0.00000970
ITERATION:97
 QUICK_CONVERGE: 1
 TRANSFORMATION:[0.99631996,-0.06017548,-0.06103650,0.03987608,0.07409223,0.96266871, 0.26034456,-0.07403108,0.04309157,-0.26390882,0.96358459,0.01759775, 0.00000000,0.00000000,0.00000000,1.00000000]
 MEAN_ERR:0.00126891
 STD_DEV:0.00111270
 DELTA_ERROR:-0.00001004
ITERATION:98
 QUICK_CONVERGE: 1
 TRANSFORMATION:[0.99644344,-0.05865686,-0.06049667,0.03984441,0.07247783,0.96281736, 0.26024929,-0.07401183,0.04298183,-0.26370837,0.96364436,0.01755109, 0.00000000,0.00000000,0.00000000,1.00000000]
 MEAN_ERR:0.00125918
 STD_DEV:0.00110324
 DELTA_ERROR:-0.00000973
ITERATION:99
 QUICK_CONVERGE: 1
 TRANSFORMATION:[0.99656778,-0.05710717,-0.05992862,0.03980112,0.07082443,0.96297583, 0.26011815,-0.07398401,0.04285520,-0.26346978,0.96371526,0.01750383, 0.00000000,0.00000000,0.00000000,1.00000000]
 MEAN_ERR:0.00124939
 STD_DEV:0.00109378
 DELTA_ERROR:-0.00000979
