Outlier purge not active.
ITERATION:0
 TRANSFORMATION:[0.99981684,-0.00236210,0.01899236,-0.00526648,-0.00150238,0.97960560, 0.20092441,-0.06297792,-0.01907962,-0.20091614,0.97942262,0.01354453, 0.00000000,0.00000000,0.00000000,1.00000000]
 MEAN_ERR:0.01511054
 STD_DEV:0.01031568
 DELTA_ERROR:0.01511054
ITERATION:1
 TRANSFORMATION:[0.99984955,-0.00300433,0.01708355,-0.00410187,-0.00081818,0.97562138, 0.21945898,-0.06876739,-0.01732640,-0.21943994,0.97547215,0.01530865, 0.00000000,0.00000000,0.00000000,1.00000000]
 MEAN_ERR:0.00408305
 STD_DEV:0.00371943
 DELTA_ERROR:-0.01102749
ITERATION:2
 TRANSFORMATION:[0.99986400,-0.00313690,0.01619072,-0.00327983,-0.00053953,0.97499613, 0.22222120,-0.06956177,-0.01648297,-0.22219972,0.97486184,0.01551187, 0.00000000,0.00000000,0.00000000,1.00000000]
 MEAN_ERR:0.00369258
 STD_DEV:0.00367724
 DELTA_ERROR:-0.00039047
ITERATION:3
 TRANSFORMATION:[0.99987073,-0.00318291,0.01576070,-0.00261512,-0.00040615,0.97489846, 0.22264956,-0.06961167,-0.01607375,-0.22262718,0.97477114,0.01549694, 0.00000000,0.00000000,0.00000000,1.00000000]
 MEAN_ERR:0.00361023
 STD_DEV:0.00367082
 DELTA_ERROR:-0.00008235
ITERATION:4
 TRANSFORMATION:[0.99987593,-0.00323124,0.01541711,-0.00198873,-0.00028372,0.97488146, 0.22272419,-0.06954911,-0.01574953,-0.22270093,0.97475959,0.01545211, 0.00000000,0.00000000,0.00000000,1.00000000]
 MEAN_ERR:0.00355136
 STD_DEV:0.00365041
 DELTA_ERROR:-0.00005887
ITERATION:5
 TRANSFORMATION:[0.99988048,-0.00329670,0.01510519,-0.00138177,-0.00015066,0.97487803, 0.22273931,-0.06947081,-0.01546002,-0.22271496,0.97476101,0.01540466, 0.00000000,0.00000000,0.00000000,1.00000000]
 MEAN_ERR:0.00349615
 STD_DEV:0.00362839
 DELTA_ERROR:-0.00005520
ITERATION:6
 TRANSFORMATION:[0.99988480,-0.00335592,0.01480289,-0.00078382,-0.00002559,0.97487791, 0.22273991,-0.06939356,-0.01517851,-0.22271463,0.97476551,0.01535899, 0.00000000,0.00000000,0.00000000,1.00000000]
 MEAN_ERR:0.00344422
 STD_DEV:0.00360502
 DELTA_ERROR:-0.00005194
ITERATION:7
 TRANSFORMATION:[0.99988900,-0.00341947,0.01450141,-0.00019273,0.00010370,0.97488036, 0.22272914,-0.06931726,-0.01489876,-0.22270291,0.97477251,0.01531351, 0.00000000,0.00000000,0.00000000,1.00000000]
 MEAN_ERR:0.00339457
 STD_DEV:0.00358092
 DELTA_ERROR:-0.00004965
ITERATION:8
 TRANSFORMATION:[0.99989293,-0.00349255,0.01420997,0.00038302,0.00024020,0.97488541, 0.22270695,-0.06924050,-0.01463091,-0.22267969,0.97478187,0.01526837, 0.00000000,0.00000000,0.00000000,1.00000000]
 MEAN_ERR:0.00334549
 STD_DEV:0.00355762
 DELTA_ERROR:-0.00004908
ITERATION:9
 TRANSFORMATION:[0.99989680,-0.00357318,0.01391506,0.00095283,0.00038467,0.97488797, 0.22269553,-0.06916825,-0.01436135,-0.22266720,0.97478873,0.01522522, 0.00000000,0.00000000,0.00000000,1.00000000]
 MEAN_ERR:0.00329717
 STD_DEV:0.00353548
 DELTA_ERROR:-0.00004832
ITERATION:10
 TRANSFORMATION:[0.99990064,-0.00365239,0.01361491,0.00152138,0.00052849,0.97488386, 0.22271321,-0.06910657,-0.01408640,-0.22268389,0.97478893,0.01518279, 0.00000000,0.00000000,0.00000000,1.00000000]
 MEAN_ERR:0.00325062
 STD_DEV:0.00351306
 DELTA_ERROR:-0.00004654
ITERATION:11
 TRANSFORMATION:[0.99990419,-0.00374306,0.01332637,0.00207453,0.00068096,0.97488051, 0.22272748,-0.06904306,-0.01382530,-0.22269707,0.97478966,0.01514106, 0.00000000,0.00000000,0.00000000,1.00000000]
 MEAN_ERR:0.00320401
 STD_DEV:0.00349141
 DELTA_ERROR:-0.00004662
ITERATION:12
 TRANSFORMATION:[0.99990755,-0.00384697,0.01304223,0.00261892,0.00084561,0.97488140, 0.22272303,-0.06897538,-0.01357144,-0.22269141,0.97479452,0.01509853, 0.00000000,0.00000000,0.00000000,1.00000000]
 MEAN_ERR:0.00315703
 STD_DEV:0.00347162
 DELTA_ERROR:-0.00004698
ITERATION:13
 TRANSFORMATION:[0.99991053,-0.00395562,0.01277835,0.00315037,0.00101029,0.97488078, 0.22272502,-0.06891358,-0.01333838,-0.22269219,0.97479756,0.01505940, 0.00000000,0.00000000,0.00000000,1.00000000]
 MEAN_ERR:0.00311306
 STD_DEV:0.00345082
 DELTA_ERROR:-0.00004397
ITERATION:14
 TRANSFORMATION:[0.99991346,-0.00406383,0.01251239,0.00366843,0.00117511,0.97488196, 0.22271908,-0.06885464,-0.01310319,-0.22268510,0.97480237,0.01502182, 0.00000000,0.00000000,0.00000000,1.00000000]
 MEAN_ERR:0.00307109
 STD_DEV:0.00342966
 DELTA_ERROR:-0.00004197
ITERATION:15
 TRANSFORMATION:[0.99991599,-0.00419168,0.01226539,0.00417369,0.00135476,0.97488152, 0.22271999,-0.06880286,-0.01289087,-0.22268467,0.97480530,0.01498692, 0.00000000,0.00000000,0.00000000,1.00000000]
 MEAN_ERR:0.00302935
 STD_DEV:0.00341076
 DELTA_ERROR:-0.00004175
ITERATION:16
 TRANSFORMATION:[0.99991848,-0.00432016,0.01201543,0.00467265,0.00153554,0.97487859, 0.22273163,-0.06875894,-0.01267582,-0.22269503,0.97480575,0.01495457, 0.00000000,0.00000000,0.00000000,1.00000000]
 MEAN_ERR:0.00299159
 STD_DEV:0.00339017
 DELTA_ERROR:-0.00003776
ITERATION:17
 TRANSFORMATION:[0.99992066,-0.00446688,0.01177766,0.00515480,0.00173171,0.97488124, 0.22271860,-0.06871011,-0.01247667,-0.22268054,0.97481163,0.01492104, 0.00000000,0.00000000,0.00000000,1.00000000]
 MEAN_ERR:0.00295336
 STD_DEV:0.00337139
 DELTA_ERROR:-0.00003823
ITERATION:18
 TRANSFORMATION:[0.99992259,-0.00462782,0.01154999,0.00562731,0.00193928,0.97487994, 0.22272257,-0.06866895,-0.01229058,-0.22268293,0.97481345,0.01489143, 0.00000000,0.00000000,0.00000000,1.00000000]
 MEAN_ERR:0.00291728
 STD_DEV:0.00335310
 DELTA_ERROR:-0.00003607
ITERATION:19
 TRANSFORMATION:[0.99992464,-0.00478203,0.01130702,0.00609247,0.00214380,0.97488070, 0.22271737,-0.06862591,-0.01208804,-0.22267634,0.97481748,0.01486049, 0.00000000,0.00000000,0.00000000,1.00000000]
 MEAN_ERR:0.00288303
 STD_DEV:0.00333467
 DELTA_ERROR:-0.00003425
ITERATION:20
 TRANSFORMATION:[0.99992623,-0.00496298,0.01108612,0.00654337,0.00236939,0.97487972, 0.22271939,-0.06858666,-0.01191298,-0.22267669,0.97481956,0.01483236, 0.00000000,0.00000000,0.00000000,1.00000000]
 MEAN_ERR:0.00284785
 STD_DEV:0.00331911
 DELTA_ERROR:-0.00003518
ITERATION:21
 TRANSFORMATION:[0.99992779,-0.00513317,0.01086600,0.00698369,0.00258447,0.97488169, 0.22270837,-0.06854441,-0.01173626,-0.22266420,0.97482456,0.01480323, 0.00000000,0.00000000,0.00000000,1.00000000]
 MEAN_ERR:0.00281580
 STD_DEV:0.00330241
 DELTA_ERROR:-0.00003205
ITERATION:22
 TRANSFORMATION:[0.99992912,-0.00532434,0.01064910,0.00741454,0.00281920,0.97488194, 0.22270443,-0.06850629,-0.01156737,-0.22265863,0.97482785,0.01477505, 0.00000000,0.00000000,0.00000000,1.00000000]
 MEAN_ERR:0.00278302
 STD_DEV:0.00328816
 DELTA_ERROR:-0.00003278
ITERATION:23
 TRANSFORMATION:[0.99993049,-0.00549953,0.01042954,0.00783655,0.00303907,0.97488477, 0.22268913,-0.06846498,-0.01139229,-0.22264196,0.97483372,0.01474638, 0.00000000,0.00000000,0.00000000,1.00000000]
 MEAN_ERR:0.00275262
 STD_DEV:0.00327355
 DELTA_ERROR:-0.00003040
ITERATION:24
 TRANSFORMATION:[0.99993148,-0.00569455,0.01022758,0.00824340,0.00327408,0.97488209, 0.22269752,-0.06843551,-0.01123884,-0.22264878,0.97483394,0.01472212, 0.00000000,0.00000000,0.00000000,1.00000000]
 MEAN_ERR:0.00272178
 STD_DEV:0.00326103
 DELTA_ERROR:-0.00003083
ITERATION:25
 TRANSFORMATION:[0.99993244,-0.00587127,0.01003245,0.00863836,0.00349024,0.97488972, 0.22266085,-0.06839278,-0.01108783,-0.22261079,0.97484434,0.01469510, 0.00000000,0.00000000,0.00000000,1.00000000]
 MEAN_ERR:0.00269389
 STD_DEV:0.00324787
 DELTA_ERROR:-0.00002790
ITERATION:26
 TRANSFORMATION:[0.99993315,-0.00607604,0.00983786,0.00902428,0.00373323,0.97488924, 0.22265901,-0.06836423,-0.01094371,-0.22260740,0.97484675,0.01467194, 0.00000000,0.00000000,0.00000000,1.00000000]
 MEAN_ERR:0.00266622
 STD_DEV:0.00323626
 DELTA_ERROR:-0.00002766
ITERATION:27
 TRANSFORMATION:[0.99993374,-0.00626679,0.00965601,0.00939535,0.00395970,0.97488861, 0.22265786,-0.06833889,-0.01080888,-0.22260487,0.97484883,0.01465067, 0.00000000,0.00000000,0.00000000,1.00000000]
 MEAN_ERR:0.00264073
 STD_DEV:0.00322452
 DELTA_ERROR:-0.00002549
ITERATION:28
 TRANSFORMATION:[0.99993405,-0.00649380,0.00947188,0.00975778,0.00422216,0.97489068, 0.22264397,-0.06831089,-0.01067986,-0.22258930,0.97485381,0.01462891, 0.00000000,0.00000000,0.00000000,1.00000000]
 MEAN_ERR:0.00261534
 STD_DEV:0.00321441
 DELTA_ERROR:-0.00002539
ITERATION:29
 TRANSFORMATION:[0.99993421,-0.00671411,0.00929980,0.01010544,0.00447539,0.97489210, 0.22263282,-0.06828618,-0.01056109,-0.22257655,0.97485801,0.01460893, 0.00000000,0.00000000,0.00000000,1.00000000]
 MEAN_ERR:0.00259216
 STD_DEV:0.00320416
 DELTA_ERROR:-0.00002318
ITERATION:30
 TRANSFORMATION:[0.99993425,-0.00694536,0.00912441,0.01044871,0.00474002,0.97489381, 0.22261984,-0.06826310,-0.01044151,-0.22256195,0.97486263,0.01459005, 0.00000000,0.00000000,0.00000000,1.00000000]
 MEAN_ERR:0.00256925
 STD_DEV:0.00319531
 DELTA_ERROR:-0.00002291
ITERATION:31
 TRANSFORMATION:[0.99993404,-0.00717960,0.00896534,0.01077347,0.00500385,0.97489347, 0.22261554,-0.06824599,-0.01033854,-0.22255600,0.97486509,0.01457333, 0.00000000,0.00000000,0.00000000,1.00000000]
 MEAN_ERR:0.00254765
 STD_DEV:0.00318663
 DELTA_ERROR:-0.00002160
ITERATION:32
 TRANSFORMATION:[0.99993379,-0.00740765,0.00880626,0.01109300,0.00526171,0.97489468, 0.22260432,-0.06822744,-0.01023416,-0.22254324,0.97486910,0.01455610, 0.00000000,0.00000000,0.00000000,1.00000000]
 MEAN_ERR:0.00252766
 STD_DEV:0.00317855
 DELTA_ERROR:-0.00001998
ITERATION:33
 TRANSFORMATION:[0.99993324,-0.00765538,0.00865510,0.01139991,0.00553693,0.97489421, 0.22259970,-0.06821391,-0.01014189,-0.22253691,0.97487151,0.01454214, 0.00000000,0.00000000,0.00000000,1.00000000]
 MEAN_ERR:0.00250746
 STD_DEV:0.00317153
 DELTA_ERROR:-0.00002020
ITERATION:34
 TRANSFORMATION:[0.99993246,-0.00790747,0.00851766,0.01169173,0.00581348,0.97489651, 0.22258257,-0.06819672,-0.01006390,-0.22251802,0.97487663,0.01452714, 0.00000000,0.00000000,0.00000000,1.00000000]
 MEAN_ERR:0.00248949
 STD_DEV:0.00316437
 DELTA_ERROR:-0.00001797
ITERATION:35
 TRANSFORMATION:[0.99993156,-0.00816448,0.00837938,0.01197962,0.00609483,0.97489498, 0.22258175,-0.06818706,-0.00998628,-0.22251545,0.97487802,0.01451297, 0.00000000,0.00000000,0.00000000,1.00000000]
 MEAN_ERR:0.00247213
 STD_DEV:0.00315804
 DELTA_ERROR:-0.00001736
ITERATION:36
 TRANSFORMATION:[0.99993039,-0.00844024,0.00824431,0.01225502,0.00639373,0.97489288, 0.22258254,-0.06817915,-0.00991597,-0.22251434,0.97487899,0.01450061, 0.00000000,0.00000000,0.00000000,1.00000000]
 MEAN_ERR:0.00245461
 STD_DEV:0.00315258
 DELTA_ERROR:-0.00001752
ITERATION:37
 TRANSFORMATION:[0.99992910,-0.00871467,0.00811419,0.01251928,0.00669026,0.97489115, 0.22258143,-0.06817129,-0.00985018,-0.22251136,0.97488033,0.01448852, 0.00000000,0.00000000,0.00000000,1.00000000]
 MEAN_ERR:0.00243893
 STD_DEV:0.00314724
 DELTA_ERROR:-0.00001568
ITERATION:38
 TRANSFORMATION:[0.99992759,-0.00900179,0.00798628,0.01278045,0.00699850,0.97488541, 0.22259707,-0.06817033,-0.00978948,-0.22252506,0.97487782,0.01447825, 0.00000000,0.00000000,0.00000000,1.00000000]
 MEAN_ERR:0.00242345
 STD_DEV:0.00314279
 DELTA_ERROR:-0.00001547
ITERATION:39
 TRANSFORMATION:[0.99992573,-0.00930495,0.00787085,0.01302640,0.00731985,0.97488521, 0.22258761,-0.06816159,-0.00974434,-0.22251346,0.97488092,0.01446701, 0.00000000,0.00000000,0.00000000,1.00000000]
 MEAN_ERR:0.00240754
 STD_DEV:0.00313917
 DELTA_ERROR:-0.00001591
ITERATION:40
 TRANSFORMATION:[0.99992371,-0.00961374,0.00775577,0.01326132,0.00764657,0.97488393, 0.22258222,-0.06815565,-0.00970082,-0.22250593,0.97488307,0.01445792, 0.00000000,0.00000000,0.00000000,1.00000000]
 MEAN_ERR:0.00239355
 STD_DEV:0.00313545
 DELTA_ERROR:-0.00001400
ITERATION:41
 TRANSFORMATION:[0.99992161,-0.00991824,0.00764236,0.01349328,0.00796868,0.97488152, 0.22258150,-0.06815132,-0.00965801,-0.22250315,0.97488413,0.01444871, 0.00000000,0.00000000,0.00000000,1.00000000]
 MEAN_ERR:0.00238025
 STD_DEV:0.00313232
 DELTA_ERROR:-0.00001330
ITERATION:42
 TRANSFORMATION:[0.99991933,-0.01022378,0.00753713,0.01371617,0.00828994,0.97487760, 0.22258692,-0.06815083,-0.00962346,-0.22250648,0.97488371,0.01444077, 0.00000000,0.00000000,0.00000000,1.00000000]
 MEAN_ERR:0.00236651
 STD_DEV:0.00312988
 DELTA_ERROR:-0.00001374
ITERATION:43
 TRANSFORMATION:[0.99991688,-0.01053089,0.00743829,0.01392549,0.00861141,0.97487624, 0.22258070,-0.06814860,-0.00959539,-0.22249814,0.97488589,0.01443382, 0.00000000,0.00000000,0.00000000,1.00000000]
 MEAN_ERR:0.00235373
 STD_DEV:0.00312766
 DELTA_ERROR:-0.00001278
ITERATION:44
 TRANSFORMATION:[0.99991441,-0.01083138,0.00733884,0.01412792,0.00892653,0.97487394, 0.22257836,-0.06814863,-0.00956528,-0.22249380,0.97488718,0.01442726, 0.00000000,0.00000000,0.00000000,1.00000000]
 MEAN_ERR:0.00234273
 STD_DEV:0.00312529
 DELTA_ERROR:-0.00001100
ITERATION:45
 TRANSFORMATION:[0.99991185,-0.01112543,0.00724662,0.01432407,0.00923374,0.97487105, 0.22257845,-0.06815128,-0.00954080,-0.22249192,0.97488785,0.01442109, 0.00000000,0.00000000,0.00000000,1.00000000]
 MEAN_ERR:0.00233208
 STD_DEV:0.00312335
 DELTA_ERROR:-0.00001065
ITERATION:46
 TRANSFORMATION:[0.99990932,-0.01140706,0.00715781,0.01451480,0.00952801,0.97486688, 0.22258433,-0.06815580,-0.00951694,-0.22249595,0.97488716,0.01441520, 0.00000000,0.00000000,0.00000000,1.00000000]
 MEAN_ERR:0.00232114
 STD_DEV:0.00312203
 DELTA_ERROR:-0.00001094
ITERATION:47
 TRANSFORMATION:[0.99990667,-0.01168904,0.00707275,0.01469362,0.00982182,0.97486323, 0.22258755,-0.06815990,-0.00949680,-0.22249731,0.97488705,0.01441054, 0.00000000,0.00000000,0.00000000,1.00000000]
 MEAN_ERR:0.00231075
 STD_DEV:0.00312093
 DELTA_ERROR:-0.00001039
ITERATION:48
 TRANSFORMATION:[0.99990391,-0.01196717,0.00699630,0.01486272,0.01011013,0.97486335, 0.22257413,-0.06815974,-0.00948402,-0.22248201,0.97489067,0.01440605, 0.00000000,0.00000000,0.00000000,1.00000000]
 MEAN_ERR:0.00230193
 STD_DEV:0.00311966
 DELTA_ERROR:-0.00000882
ITERATION:49
 TRANSFORMATION:[0.99990106,-0.01224743,0.00691869,0.01502712,0.01040056,0.97485846, 0.22258215,-0.06816757,-0.00947080,-0.22248817,0.97488939,0.01440273, 0.00000000,0.00000000,0.00000000,1.00000000]
 MEAN_ERR:0.00229398
 STD_DEV:0.00311834
 DELTA_ERROR:-0.00000795
ITERATION:50
 TRANSFORMATION:[0.99989806,-0.01253098,0.00684379,0.01518755,0.01069372,0.97485644, 0.22257711,-0.06817132,-0.00946082,-0.22248124,0.97489107,0.01439822, 0.00000000,0.00000000,0.00000000,1.00000000]
 MEAN_ERR:0.00228548
 STD_DEV:0.00311781
 DELTA_ERROR:-0.00000850
ITERATION:51
 TRANSFORMATION:[0.99989503,-0.01280915,0.00677103,0.01534087,0.01098105,0.97485163, 0.22258416,-0.06817853,-0.00945186,-0.22248644,0.97488997,0.01439490, 0.00000000,0.00000000,0.00000000,1.00000000]
 MEAN_ERR:0.00227680
 STD_DEV:0.00311771
 DELTA_ERROR:-0.00000868
ITERATION:52
 TRANSFORMATION:[0.99989199,-0.01307897,0.00670503,0.01548408,0.01125871,0.97484649, 0.22259282,-0.06818694,-0.00944766,-0.22249329,0.97488844,0.01439237, 0.00000000,0.00000000,0.00000000,1.00000000]
 MEAN_ERR:0.00226888
 STD_DEV:0.00311764
 DELTA_ERROR:-0.00000792
ITERATION:53
 TRANSFORMATION:[0.99988881,-0.01334736,0.00664916,0.01561731,0.01153291,0.97484550, 0.22258310,-0.06819061,-0.00945280,-0.22248167,0.97489105,0.01438919, 0.00000000,0.00000000,0.00000000,1.00000000]
 MEAN_ERR:0.00226206
 STD_DEV:0.00311742
 DELTA_ERROR:-0.00000682
ITERATION:54
 TRANSFORMATION:[0.99988553,-0.01361772,0.00659441,0.01574615,0.01180883,0.97484593, 0.22256676,-0.06819247,-0.00945938,-0.22246341,0.97489515,0.01438659, 0.00000000,0.00000000,0.00000000,1.00000000]
 MEAN_ERR:0.00225596
 STD_DEV:0.00311714
 DELTA_ERROR:-0.00000611
ITERATION:55
 TRANSFORMATION:[0.99988224,-0.01387984,0.00654594,0.01586954,0.01207513,0.97484159, 0.22257147,-0.06820199,-0.00947051,-0.22246622,0.97489440,0.01438599, 0.00000000,0.00000000,0.00000000,1.00000000]
 MEAN_ERR:0.00224982
 STD_DEV:0.00311714
 DELTA_ERROR:-0.00000614
ITERATION:56
 TRANSFORMATION:[0.99987892,-0.01413906,0.00649825,0.01598887,0.01233849,0.97483891, 0.22256879,-0.06820998,-0.00948166,-0.22246166,0.97489533,0.01438521, 0.00000000,0.00000000,0.00000000,1.00000000]
 MEAN_ERR:0.00224342
 STD_DEV:0.00311758
 DELTA_ERROR:-0.00000640
ITERATION:57
 TRANSFORMATION:[0.99987558,-0.01439321,0.00645391,0.01610044,0.01259621,0.97483701, 0.22256267,-0.06821790,-0.00949490,-0.22245369,0.97489702,0.01438436, 0.00000000,0.00000000,0.00000000,1.00000000]
 MEAN_ERR:0.00223734
 STD_DEV:0.00311811
 DELTA_ERROR:-0.00000608
ITERATION:58
 TRANSFORMATION:[0.99987220,-0.01464567,0.00641065,0.01620484,0.01285205,0.97483580, 0.22255332,-0.06822538,-0.00950877,-0.22244249,0.97489944,0.01438292, 0.00000000,0.00000000,0.00000000,1.00000000]
 MEAN_ERR:0.00223202
 STD_DEV:0.00311853
 DELTA_ERROR:-0.00000532
ITERATION:59
 TRANSFORMATION:[0.99986870,-0.01489770,0.00637497,0.01630263,0.01310583,0.97483518, 0.22254125,-0.06823233,-0.00952989,-0.22242848,0.97490243,0.01438324, 0.00000000,0.00000000,0.00000000,1.00000000]
 MEAN_ERR:0.00222723
 STD_DEV:0.00311893
 DELTA_ERROR:-0.00000479
ITERATION:60
 TRANSFORMATION:[0.99986525,-0.01514092,0.00634353,0.01639405,0.01335003,0.97483368, 0.22253330,-0.06824183,-0.00955324,-0.22241863,0.97490445,0.01438334, 0.00000000,0.00000000,0.00000000,1.00000000]
 MEAN_ERR:0.00222302
 STD_DEV:0.00311917
 DELTA_ERROR:-0.00000422
ITERATION:61
 TRANSFORMATION:[0.99986180,-0.01538104,0.00630947,0.01648247,0.01359170,0.97483011, 0.22253430,-0.06825457,-0.00957347,-0.22241779,0.97490444,0.01438463, 0.00000000,0.00000000,0.00000000,1.00000000]
 MEAN_ERR:0.00221908
 STD_DEV:0.00311948
 DELTA_ERROR:-0.00000393
ITERATION:62
 TRANSFORMATION:[0.99985850,-0.01560634,0.00627805,0.01656726,0.01381842,0.97482843, 0.22252770,-0.06826436,-0.00959287,-0.22240946,0.97490615,0.01438479, 0.00000000,0.00000000,0.00000000,1.00000000]
 MEAN_ERR:0.00221525
 STD_DEV:0.00311992
 DELTA_ERROR:-0.00000384
ITERATION:63
 TRANSFORMATION:[0.99985528,-0.01582611,0.00624196,0.01665166,0.01404067,0.97482418, 0.22253241,-0.06827791,-0.00960664,-0.22241256,0.97490531,0.01438551, 0.00000000,0.00000000,0.00000000,1.00000000]
 MEAN_ERR:0.00221143
 STD_DEV:0.00312051
 DELTA_ERROR:-0.00000382
ITERATION:64
 TRANSFORMATION:[0.99985211,-0.01603589,0.00621297,0.01673142,0.01425172,0.97482276, 0.22252521,-0.06828760,-0.00962494,-0.22240376,0.97490714,0.01438611, 0.00000000,0.00000000,0.00000000,1.00000000]
 MEAN_ERR:0.00220734
 STD_DEV:0.00312139
 DELTA_ERROR:-0.00000409
ITERATION:65
 TRANSFORMATION:[0.99984897,-0.01624149,0.00618534,0.01680656,0.01445837,0.97482103, 0.22251947,-0.06829783,-0.00964365,-0.22239644,0.97490862,0.01438661, 0.00000000,0.00000000,0.00000000,1.00000000]
 MEAN_ERR:0.00220354
 STD_DEV:0.00312222
 DELTA_ERROR:-0.00000380
ITERATION:66
 TRANSFORMATION:[0.99984590,-0.01643962,0.00615716,0.01687789,0.01465779,0.97481750, 0.22252190,-0.06831110,-0.00966029,-0.22239736,0.97490825,0.01438792, 0.00000000,0.00000000,0.00000000,1.00000000]
 MEAN_ERR:0.00220003
 STD_DEV:0.00312302
 DELTA_ERROR:-0.00000350
ITERATION:67
 TRANSFORMATION:[0.99984276,-0.01663766,0.00613534,0.01694293,0.01485575,0.97481522, 0.22251875,-0.06832275,-0.00968301,-0.22239262,0.97490911,0.01438924, 0.00000000,0.00000000,0.00000000,1.00000000]
 MEAN_ERR:0.00219673
 STD_DEV:0.00312386
 DELTA_ERROR:-0.00000330
ITERATION:68
 TRANSFORMATION:[0.99983965,-0.01682918,0.00612010,0.01700156,0.01504591,0.97481327, 0.22251451,-0.06833369,-0.00971069,-0.22238675,0.97491017,0.01439084, 0.00000000,0.00000000,0.00000000,1.00000000]
 MEAN_ERR:0.00219384
 STD_DEV:0.00312458
 DELTA_ERROR:-0.00000289
ITERATION:69
 TRANSFORMATION:[0.99983653,-0.01701971,0.00610286,0.01705667,0.01523559,0.97481225, 0.22250607,-0.06834327,-0.00973613,-0.22237672,0.97491220,0.01439182, 0.00000000,0.00000000,0.00000000,1.00000000]
 MEAN_ERR:0.00219133
 STD_DEV:0.00312518
 DELTA_ERROR:-0.00000251
ITERATION:70
 TRANSFORMATION:[0.99983339,-0.01720849,0.00608729,0.01710764,0.01542314,0.97480999, 0.22250306,-0.06835407,-0.00976289,-0.22237210,0.97491299,0.01439358, 0.00000000,0.00000000,0.00000000,1.00000000]
 MEAN_ERR:0.00218905
 STD_DEV:0.00312576
 DELTA_ERROR:-0.00000228
ITERATION:71
 TRANSFORMATION:[0.99983029,-0.01739325,0.00607232,0.01715564,0.01560665,0.97480805, 0.22249874,-0.06836412,-0.00978932,-0.22236621,0.97491407,0.01439563, 0.00000000,0.00000000,0.00000000,1.00000000]
 MEAN_ERR:0.00218704
 STD_DEV:0.00312626
 DELTA_ERROR:-0.00000201
ITERATION:72
 TRANSFORMATION:[0.99982726,-0.01756839,0.00606633,0.01719744,0.01577882,0.97480723, 0.22249023,-0.06837253,-0.00982230,-0.22235608,0.97491605,0.01439742, 0.00000000,0.00000000,0.00000000,1.00000000]
 MEAN_ERR:0.00218524
 STD_DEV:0.00312671
 DELTA_ERROR:-0.00000180
ITERATION:73
 TRANSFORMATION:[0.99982436,-0.01773627,0.00605524,0.01723875,0.01594505,0.97480647, 0.22248170,-0.06838032,-0.00984868,-0.22234608,0.97491806,0.01439869, 0.00000000,0.00000000,0.00000000,1.00000000]
 MEAN_ERR:0.00218375
 STD_DEV:0.00312704
 DELTA_ERROR:-0.00000149
ITERATION:74
 TRANSFORMATION:[0.99982136,-0.01790732,0.00604762,0.01727679,0.01611363,0.97480605, 0.22247137,-0.06838765,-0.00987912,-0.22233418,0.97492047,0.01439974, 0.00000000,0.00000000,0.00000000,1.00000000]
 MEAN_ERR:0.00218225
 STD_DEV:0.00312744
 DELTA_ERROR:-0.00000150
ITERATION:75
 TRANSFORMATION:[0.99981836,-0.01807555,0.00604265,0.01731269,0.01627882,0.97480503, 0.22246382,-0.06839619,-0.00991157,-0.22232504,0.97492222,0.01440146, 0.00000000,0.00000000,0.00000000,1.00000000]
 MEAN_ERR:0.00218081
 STD_DEV:0.00312785
 DELTA_ERROR:-0.00000144
ITERATION:76
 TRANSFORMATION:[0.99981538,-0.01824185,0.00603706,0.01734817,0.01644227,0.97480368, 0.22245771,-0.06840563,-0.00994299,-0.22231738,0.97492365,0.01440333, 0.00000000,0.00000000,0.00000000,1.00000000]
 MEAN_ERR:0.00217941
 STD_DEV:0.00312825
 DELTA_ERROR:-0.00000140
ITERATION:77
 TRANSFORMATION:[0.99981244,-0.01840410,0.00603051,0.01738306,0.01660196,0.97480201, 0.22245319,-0.06841565,-0.00997260,-0.22231135,0.97492472,0.01440462, 0.00000000,0.00000000,0.00000000,1.00000000]
 MEAN_ERR:0.00217794
 STD_DEV:0.00312872
 DELTA_ERROR:-0.00000147
ITERATION:78
 TRANSFORMATION:[0.99980967,-0.01855655,0.00602274,0.01741808,0.01675242,0.97480154, 0.22244394,-0.06842390,-0.00999876,-0.22230071,0.97492688,0.01440601, 0.00000000,0.00000000,0.00000000,1.00000000]
 MEAN_ERR:0.00217638
 STD_DEV:0.00312929
 DELTA_ERROR:-0.00000157
ITERATION:79
 TRANSFORMATION:[0.99980703,-0.01870100,0.00601436,0.01745198,0.01689515,0.97479981, 0.22244072,-0.06843398,-0.01002267,-0.22229619,0.97492766,0.01440801, 0.00000000,0.00000000,0.00000000,1.00000000]
 MEAN_ERR:0.00217481
 STD_DEV:0.00312988
 DELTA_ERROR:-0.00000157
ITERATION:80
 TRANSFORMATION:[0.99980454,-0.01883597,0.00600660,0.01748447,0.01702853,0.97479873, 0.22243530,-0.06844292,-0.01004501,-0.22228954,0.97492895,0.01440950, 0.00000000,0.00000000,0.00000000,1.00000000]
 MEAN_ERR:0.00217326
 STD_DEV:0.00313050
 DELTA_ERROR:-0.00000155
ITERATION:81
 TRANSFORMATION:[0.99980216,-0.01896470,0.00599878,0.01751524,0.01715581,0.97479716, 0.22243239,-0.06845277,-0.01006595,-0.22228547,0.97492966,0.01441132, 0.00000000,0.00000000,0.00000000,1.00000000]
 MEAN_ERR:0.00217176
 STD_DEV:0.00313112
 DELTA_ERROR:-0.00000150
ITERATION:82
 TRANSFORMATION:[0.99979985,-0.01908798,0.00599173,0.01754413,0.01727758,0.97479520, 0.22243157,-0.06846302,-0.01008648,-0.22228353,0.97492989,0.01441354, 0.00000000,0.00000000,0.00000000,1.00000000]
 MEAN_ERR:0.00217034
 STD_DEV:0.00313174
 DELTA_ERROR:-0.00000142
ITERATION:83
 TRANSFORMATION:[0.99979762,-0.01920670,0.00598572,0.01757100,0.01739468,0.97479352, 0.22242981,-0.06847251,-0.01010698,-0.22228068,0.97493033,0.01441566, 0.00000000,0.00000000,0.00000000,1.00000000]
 MEAN_ERR:0.00216904
 STD_DEV:0.00313230
 DELTA_ERROR:-0.00000130
ITERATION:84
 TRANSFORMATION:[0.99979542,-0.01932203,0.00598066,0.01759597,0.01750833,0.97479313, 0.22242259,-0.06848024,-0.01012756,-0.22227237,0.97493201,0.01441728, 0.00000000,0.00000000,0.00000000,1.00000000]
 MEAN_ERR:0.00216786
 STD_DEV:0.00313282
 DELTA_ERROR:-0.00000118
ITERATION:85
 TRANSFORMATION:[0.99979327,-0.01943368,0.00597901,0.01761738,0.01761764,0.97479302, 0.22241445,-0.06848729,-0.01015063,-0.22226313,0.97493388,0.01441900, 0.00000000,0.00000000,0.00000000,1.00000000]
 MEAN_ERR:0.00216682
 STD_DEV:0.00313327
 DELTA_ERROR:-0.00000105
ITERATION:86
 TRANSFORMATION:[0.99979109,-0.01954601,0.00597713,0.01763746,0.01772759,0.97479139, 0.22241284,-0.06849720,-0.01017374,-0.22226042,0.97493426,0.01442144, 0.00000000,0.00000000,0.00000000,1.00000000]
 MEAN_ERR:0.00216595
 STD_DEV:0.00313364
 DELTA_ERROR:-0.00000086
