Outlier purge not active.
ITERATION:0
 QUICK_CONVERGE: TRANSFORMATION:[0.99927489,-0.00849146,0.03711582,-0.01012615,-0.00680741,0.91926171, 0.39358806,-0.12194637,-0.03746129,-0.39355533,0.91853735,0.03954753, 0.00000000,0.00000000,0.00000000,1.00000000]
 MEAN_ERR:0.01511054
 STD_DEV:0.01031568
 DELTA_ERROR:0.01511054
ITERATION:1
 QUICK_CONVERGE: TRANSFORMATION:[0.99997883,0.00017682,-0.00650399,0.00460606,0.00038679,0.99624725, 0.08655215,-0.02426773,0.00649489,-0.08655283,0.99622609,0.00257704, 0.00000000,0.00000000,0.00000000,1.00000000]
 MEAN_ERR:0.01234310
 STD_DEV:0.00845487
 DELTA_ERROR:-0.00276744
ITERATION:2
 QUICK_CONVERGE: TRANSFORMATION:[0.99934043,-0.00275087,0.03620964,-0.00757359,-0.00921885,0.94524225, 0.32623933,-0.09871787,-0.03512433,-0.32635797,0.94459344,0.02844052, 0.00000000,0.00000000,0.00000000,1.00000000]
 MEAN_ERR:0.01011296
 STD_DEV:0.00676064
 DELTA_ERROR:-0.00223015
ITERATION:3
 QUICK_CONVERGE: TRANSFORMATION:[0.99997471,0.00117143,-0.00701536,0.00705107,-0.00015561,0.98971080, 0.14308214,-0.04111381,0.00711079,-0.14307743,0.98968595,0.00609921, 0.00000000,0.00000000,0.00000000,1.00000000]
 MEAN_ERR:0.00834437
 STD_DEV:0.00563709
 DELTA_ERROR:-0.00176858
ITERATION:4
 QUICK_CONVERGE: TRANSFORMATION:[0.99950662,0.00026483,0.03140778,-0.00400024,-0.00913410,0.95919681, 0.28259167,-0.08452976,-0.03005141,-0.28273913,0.95872598,0.02212103, 0.00000000,0.00000000,0.00000000,1.00000000]
 MEAN_ERR:0.00689341
 STD_DEV:0.00469602
 DELTA_ERROR:-0.00145096
ITERATION:5
 QUICK_CONVERGE: TRANSFORMATION:[0.99999050,0.00144756,-0.00411244,0.00812980,-0.00069290,0.98404934, 0.17789437,-0.05196213,0.00430435,-0.17788983,0.98404100,0.00911897, 0.00000000,0.00000000,0.00000000,1.00000000]
 MEAN_ERR:0.00594473
 STD_DEV:0.00394069
 DELTA_ERROR:-0.00094868
ITERATION:6
 QUICK_CONVERGE: TRANSFORMATION:[0.99968111,0.00101370,0.02523176,-0.00020751,-0.00744972,0.96656188, 0.25632526,-0.07641100,-0.02412822,-0.25643149,0.96626121,0.01855415, 0.00000000,0.00000000,0.00000000,1.00000000]
 MEAN_ERR:0.00490261
 STD_DEV:0.00374134
 DELTA_ERROR:-0.00104211
ITERATION:7
 QUICK_CONVERGE: TRANSFORMATION:[0.99999945,0.00100109,-0.00032343,0.00870796,-0.00091741,0.98027169, 0.19765263,-0.05833519,0.00051492,-0.19765223,0.98027207,0.01118036, 0.00000000,0.00000000,0.00000000,1.00000000]
 MEAN_ERR:0.00455627
 STD_DEV:0.00316354
 DELTA_ERROR:-0.00034635
ITERATION:8
 QUICK_CONVERGE: TRANSFORMATION:[0.99980376,0.00058849,0.01980155,0.00317349,-0.00535297,0.97040143, 0.24143822,-0.07202815,-0.01907337,-0.24149684,0.97021414,0.01659080, 0.00000000,0.00000000,0.00000000,1.00000000]
 MEAN_ERR:0.00370438
 STD_DEV:0.00347174
 DELTA_ERROR:-0.00085189
ITERATION:9
 QUICK_CONVERGE: TRANSFORMATION:[0.99999611,0.00009599,0.00278813,0.00930721,-0.00067557,0.97799373, 0.20863318,-0.06201495,-0.00270675,-0.20863425,0.97798999,0.01245223, 0.00000000,0.00000000,0.00000000,1.00000000]
 MEAN_ERR:0.00369821
 STD_DEV:0.00302487
 DELTA_ERROR:-0.00000617
ITERATION:10
 QUICK_CONVERGE: TRANSFORMATION:[0.99987707,-0.00039187,0.01567431,0.00597111,-0.00327446,0.97242536, 0.23319132,-0.06974427,-0.01533348,-0.23321398,0.97230454,0.01551842, 0.00000000,0.00000000,0.00000000,1.00000000]
 MEAN_ERR:0.00304016
 STD_DEV:0.00339440
 DELTA_ERROR:-0.00065805
ITERATION:11
 QUICK_CONVERGE: TRANSFORMATION:[0.99998801,-0.00105237,0.00478161,0.01009741,0.00000133,0.97668472, 0.21467872,-0.06414836,-0.00489604,-0.21467614,0.97667302,0.01319496, 0.00000000,0.00000000,0.00000000,1.00000000]
 MEAN_ERR:0.00316384
 STD_DEV:0.00307076
 DELTA_ERROR:0.00012369
ITERATION:12
 QUICK_CONVERGE: TRANSFORMATION:[0.99996060,-0.00130612,0.00878005,0.00916023,-0.00067245,0.97512704, 0.22164569,-0.06636120,-0.00885116,-0.22164286,0.97508774,0.01405452, 0.00000000,0.00000000,0.00000000,1.00000000]
 MEAN_ERR:0.00272650
 STD_DEV:0.00332182
 DELTA_ERROR:-0.00043734
ITERATION:13
 QUICK_CONVERGE: TRANSFORMATION:[0.99995769,-0.00161497,0.00905626,0.00938770,-0.00044019,0.97494132, 0.22246174,-0.06667204,-0.00918859,-0.22245631,0.97489936,0.01416067, 0.00000000,0.00000000,0.00000000,1.00000000]
 MEAN_ERR:0.00265751
 STD_DEV:0.00324459
 DELTA_ERROR:-0.00006899
ITERATION:14
 QUICK_CONVERGE: TRANSFORMATION:[0.99995814,-0.00194273,0.00894096,0.00973059,-0.00009603,0.97491571, 0.22257436,-0.06676331,-0.00914909,-0.22256590,0.97487472,0.01417743, 0.00000000,0.00000000,0.00000000,1.00000000]
 MEAN_ERR:0.00264150
 STD_DEV:0.00322473
 DELTA_ERROR:-0.00001601
ITERATION:15
 QUICK_CONVERGE: TRANSFORMATION:[0.99995874,-0.00226653,0.00879675,0.01007285,0.00025161,0.97491228, 0.22258928,-0.06682283,-0.00908057,-0.22257788,0.97487262,0.01418136, 0.00000000,0.00000000,0.00000000,1.00000000]
 MEAN_ERR:0.00261692
 STD_DEV:0.00321454
 DELTA_ERROR:-0.00002458
ITERATION:16
 QUICK_CONVERGE: TRANSFORMATION:[0.99995918,-0.00260234,0.00865293,0.01040571,0.00061095,0.97491030, 0.22259726,-0.06687781,-0.00901511,-0.22258289,0.97487209,0.01418552, 0.00000000,0.00000000,0.00000000,1.00000000]
 MEAN_ERR:0.00259346
 STD_DEV:0.00320515
 DELTA_ERROR:-0.00002345
ITERATION:17
 QUICK_CONVERGE: TRANSFORMATION:[0.99995937,-0.00294560,0.00851983,0.01072656,0.00097531,0.97491179, 0.22258942,-0.06692561,-0.00896174,-0.22257207,0.97487505,0.01418785, 0.00000000,0.00000000,0.00000000,1.00000000]
 MEAN_ERR:0.00257006
 STD_DEV:0.00319718
 DELTA_ERROR:-0.00002341
ITERATION:18
 QUICK_CONVERGE: TRANSFORMATION:[0.99995944,-0.00328946,0.00838426,0.01103897,0.00134085,0.97491398, 0.22257795,-0.06696870,-0.00890610,-0.22255768,0.97487884,0.01418972, 0.00000000,0.00000000,0.00000000,1.00000000]
 MEAN_ERR:0.00254894
 STD_DEV:0.00318884
 DELTA_ERROR:-0.00002111
ITERATION:19
 QUICK_CONVERGE: TRANSFORMATION:[0.99995926,-0.00364032,0.00825940,0.01133890,0.00171070,0.97491330, 0.22257839,-0.06701377,-0.00886246,-0.22255519,0.97487981,0.01419155, 0.00000000,0.00000000,0.00000000,1.00000000]
 MEAN_ERR:0.00252783
 STD_DEV:0.00318190
 DELTA_ERROR:-0.00002111
ITERATION:20
 QUICK_CONVERGE: TRANSFORMATION:[0.99995902,-0.00398304,0.00813041,0.01163070,0.00207339,0.97490868, 0.22259553,-0.06706158,-0.00881301,-0.22256955,0.97487698,0.01419359, 0.00000000,0.00000000,0.00000000,1.00000000]
 MEAN_ERR:0.00250817
 STD_DEV:0.00317521
 DELTA_ERROR:-0.00001966
ITERATION:21
 QUICK_CONVERGE: TRANSFORMATION:[0.99995865,-0.00432297,0.00800078,0.01191721,0.00243364,0.97490735, 0.22259770,-0.06710146,-0.00876230,-0.22256902,0.97487756,0.01419455, 0.00000000,0.00000000,0.00000000,1.00000000]
 MEAN_ERR:0.00248998
 STD_DEV:0.00316875
 DELTA_ERROR:-0.00001819
ITERATION:22
 QUICK_CONVERGE: TRANSFORMATION:[0.99995808,-0.00465940,0.00788163,0.01219075,0.00278817,0.97490643, 0.22259755,-0.06713774,-0.00872103,-0.22256624,0.97487856,0.01419509, 0.00000000,0.00000000,0.00000000,1.00000000]
 MEAN_ERR:0.00247125
 STD_DEV:0.00316362
 DELTA_ERROR:-0.00001873
ITERATION:23
 QUICK_CONVERGE: TRANSFORMATION:[0.99995743,-0.00498650,0.00776418,0.01245445,0.00313310,0.97490263, 0.22260960,-0.06717735,-0.00867936,-0.22257580,0.97487675,0.01419643, 0.00000000,0.00000000,0.00000000,1.00000000]
 MEAN_ERR:0.00245519
 STD_DEV:0.00315784
 DELTA_ERROR:-0.00001606
ITERATION:24
 QUICK_CONVERGE: TRANSFORMATION:[0.99995654,-0.00531750,0.00765758,0.01270911,0.00347963,0.97490377, 0.22259947,-0.06721014,-0.00864907,-0.22256315,0.97487991,0.01419754, 0.00000000,0.00000000,0.00000000,1.00000000]
 MEAN_ERR:0.00243968
 STD_DEV:0.00315280
 DELTA_ERROR:-0.00001551
ITERATION:25
 QUICK_CONVERGE: TRANSFORMATION:[0.99995545,-0.00566645,0.00754967,0.01295482,0.00384385,0.97490229, 0.22259996,-0.06724779,-0.00862154,-0.22256102,0.97488064,0.01419964, 0.00000000,0.00000000,0.00000000,1.00000000]
 MEAN_ERR:0.00242358
 STD_DEV:0.00314895
 DELTA_ERROR:-0.00001610
ITERATION:26
 QUICK_CONVERGE: TRANSFORMATION:[0.99995418,-0.00602008,0.00744340,0.01319134,0.00421231,0.97490171, 0.22259586,-0.06728483,-0.00859662,-0.22255431,0.97488239,0.01420178, 0.00000000,0.00000000,0.00000000,1.00000000]
 MEAN_ERR:0.00240916
 STD_DEV:0.00314493
 DELTA_ERROR:-0.00001442
ITERATION:27
 QUICK_CONVERGE: TRANSFORMATION:[0.99995262,-0.00637652,0.00735467,0.01341690,0.00457953,0.97489906, 0.22260021,-0.06732448,-0.00858947,-0.22255598,0.97488207,0.01420496, 0.00000000,0.00000000,0.00000000,1.00000000]
 MEAN_ERR:0.00239576
 STD_DEV:0.00314110
 DELTA_ERROR:-0.00001339
ITERATION:28
 QUICK_CONVERGE: TRANSFORMATION:[0.99995100,-0.00672536,0.00726455,0.01363663,0.00493965,0.97489625, 0.22260481,-0.06736403,-0.00857928,-0.22255802,0.97488170,0.01420904, 0.00000000,0.00000000,0.00000000,1.00000000]
 MEAN_ERR:0.00238142
 STD_DEV:0.00313858
 DELTA_ERROR:-0.00001434
ITERATION:29
 QUICK_CONVERGE: TRANSFORMATION:[0.99994924,-0.00708112,0.00716821,0.01384846,0.00530799,0.97489557, 0.22259932,-0.06739894,-0.00856451,-0.22254997,0.97488366,0.01421168, 0.00000000,0.00000000,0.00000000,1.00000000]
 MEAN_ERR:0.00236802
 STD_DEV:0.00313620
 DELTA_ERROR:-0.00001340
ITERATION:30
 QUICK_CONVERGE: TRANSFORMATION:[0.99994728,-0.00743534,0.00708251,0.01404896,0.00567236,0.97489245, 0.22260400,-0.06743505,-0.00855982,-0.22255209,0.97488322,0.01421526, 0.00000000,0.00000000,0.00000000,1.00000000]
 MEAN_ERR:0.00235671
 STD_DEV:0.00313336
 DELTA_ERROR:-0.00001131
ITERATION:31
 QUICK_CONVERGE: TRANSFORMATION:[0.99994530,-0.00776917,0.00700328,0.01424499,0.00601545,0.97489026, 0.22260459,-0.06746851,-0.00855688,-0.22255029,0.97488366,0.01421811, 0.00000000,0.00000000,0.00000000,1.00000000]
 MEAN_ERR:0.00234581
 STD_DEV:0.00313095
 DELTA_ERROR:-0.00001090
ITERATION:32
 QUICK_CONVERGE: TRANSFORMATION:[0.99994318,-0.00810281,0.00692634,0.01443411,0.00635782,0.97488694, 0.22260958,-0.06750290,-0.00855616,-0.22255290,0.97488307,0.01422153, 0.00000000,0.00000000,0.00000000,1.00000000]
 MEAN_ERR:0.00233406
 STD_DEV:0.00312956
 DELTA_ERROR:-0.00001175
ITERATION:33
 QUICK_CONVERGE: TRANSFORMATION:[0.99994097,-0.00844199,0.00684025,0.01461734,0.00670756,0.97488203, 0.22262083,-0.06753874,-0.00854780,-0.22256181,0.97488111,0.01422561, 0.00000000,0.00000000,0.00000000,1.00000000]
 MEAN_ERR:0.00232318
 STD_DEV:0.00312820
 DELTA_ERROR:-0.00001088
ITERATION:34
 QUICK_CONVERGE: TRANSFORMATION:[0.99993849,-0.00878521,0.00676977,0.01478773,0.00705794,0.97488159, 0.22261194,-0.06756729,-0.00855541,-0.22255047,0.97488363,0.01422863, 0.00000000,0.00000000,0.00000000,1.00000000]
 MEAN_ERR:0.00231373
 STD_DEV:0.00312666
 DELTA_ERROR:-0.00000945
ITERATION:35
 QUICK_CONVERGE: TRANSFORMATION:[0.99993577,-0.00913468,0.00670905,0.01494886,0.00741211,0.97487747, 0.22261847,-0.06760107,-0.00857405,-0.22255445,0.97488256,0.01423350, 0.00000000,0.00000000,0.00000000,1.00000000]
 MEAN_ERR:0.00230523
 STD_DEV:0.00312510
 DELTA_ERROR:-0.00000850
ITERATION:36
 QUICK_CONVERGE: TRANSFORMATION:[0.99993300,-0.00947673,0.00664808,0.01510811,0.00775912,0.97487383, 0.22262256,-0.06763256,-0.00859078,-0.22255606,0.97488204,0.01423767, 0.00000000,0.00000000,0.00000000,1.00000000]
 MEAN_ERR:0.00229640
 STD_DEV:0.00312420
 DELTA_ERROR:-0.00000884
ITERATION:37
 QUICK_CONVERGE: TRANSFORMATION:[0.99993013,-0.00981699,0.00658447,0.01526271,0.00810508,0.97487269, 0.22261523,-0.06765945,-0.00860443,-0.22254631,0.97488415,0.01424071, 0.00000000,0.00000000,0.00000000,1.00000000]
 MEAN_ERR:0.00228720
 STD_DEV:0.00312381
 DELTA_ERROR:-0.00000920
ITERATION:38
 QUICK_CONVERGE: TRANSFORMATION:[0.99992716,-0.01015328,0.00652546,0.01540801,0.00844612,0.97487090, 0.22261041,-0.06768566,-0.00862171,-0.22253908,0.97488565,0.01424380, 0.00000000,0.00000000,0.00000000,1.00000000]
 MEAN_ERR:0.00227874
 STD_DEV:0.00312343
 DELTA_ERROR:-0.00000846
ITERATION:39
 QUICK_CONVERGE: TRANSFORMATION:[0.99992401,-0.01048844,0.00647780,0.01554145,0.00878350,0.97486827, 0.22260888,-0.06771270,-0.00864982,-0.22253507,0.97488631,0.01424758, 0.00000000,0.00000000,0.00000000,1.00000000]
 MEAN_ERR:0.00227114
 STD_DEV:0.00312308
 DELTA_ERROR:-0.00000759
ITERATION:40
 QUICK_CONVERGE: TRANSFORMATION:[0.99992069,-0.01082776,0.00643160,0.01566856,0.00912462,0.97486567, 0.22260653,-0.06773930,-0.00868028,-0.22253019,0.97488716,0.01425170, 0.00000000,0.00000000,0.00000000,1.00000000]
 MEAN_ERR:0.00226437
 STD_DEV:0.00312272
 DELTA_ERROR:-0.00000678
ITERATION:41
 QUICK_CONVERGE: TRANSFORMATION:[0.99991734,-0.01116099,0.00638359,0.01579248,0.00946022,0.97486334, 0.22260273,-0.06776484,-0.00870760,-0.22252394,0.97488834,0.01425569, 0.00000000,0.00000000,0.00000000,1.00000000]
 MEAN_ERR:0.00225803
 STD_DEV:0.00312243
 DELTA_ERROR:-0.00000634
ITERATION:42
 QUICK_CONVERGE: TRANSFORMATION:[0.99991402,-0.01147937,0.00633798,0.01591293,0.00978085,0.97486226, 0.22259361,-0.06778825,-0.00873389,-0.22251248,0.97489072,0.01425833, 0.00000000,0.00000000,0.00000000,1.00000000]
 MEAN_ERR:0.00225180
 STD_DEV:0.00312236
 DELTA_ERROR:-0.00000623
ITERATION:43
 QUICK_CONVERGE: TRANSFORMATION:[0.99991066,-0.01179166,0.00629559,0.01602884,0.01009472,0.97485831, 0.22259690,-0.06781519,-0.00876210,-0.22251346,0.97489024,0.01426264, 0.00000000,0.00000000,0.00000000,1.00000000]
 MEAN_ERR:0.00224541
 STD_DEV:0.00312263
 DELTA_ERROR:-0.00000639
ITERATION:44
 QUICK_CONVERGE: TRANSFORMATION:[0.99990724,-0.01209438,0.00626385,0.01613690,0.01039697,0.97485657, 0.22259060,-0.06783875,-0.00879845,-0.22250483,0.97489189,0.01426657, 0.00000000,0.00000000,0.00000000,1.00000000]
 MEAN_ERR:0.00223912
 STD_DEV:0.00312307
 DELTA_ERROR:-0.00000629
ITERATION:45
 QUICK_CONVERGE: TRANSFORMATION:[0.99990377,-0.01239585,0.00622901,0.01623993,0.01069870,0.97485471, 0.22258444,-0.06786229,-0.00883150,-0.22249638,0.97489352,0.01427161, 0.00000000,0.00000000,0.00000000,1.00000000]
 MEAN_ERR:0.00223337
 STD_DEV:0.00312347
 DELTA_ERROR:-0.00000575
ITERATION:46
 QUICK_CONVERGE: TRANSFORMATION:[0.99990025,-0.01269162,0.00619813,0.01633480,0.01099390,0.97485065, 0.22258782,-0.06788845,-0.00886725,-0.22249748,0.97489294,0.01427663, 0.00000000,0.00000000,0.00000000,1.00000000]
 MEAN_ERR:0.00222832
 STD_DEV:0.00312375
 DELTA_ERROR:-0.00000505
ITERATION:47
 QUICK_CONVERGE: TRANSFORMATION:[0.99989675,-0.01297953,0.00616673,0.01642418,0.01128165,0.97484898, 0.22258074,-0.06791128,-0.00890063,-0.22248819,0.97489476,0.01428062, 0.00000000,0.00000000,0.00000000,1.00000000]
 MEAN_ERR:0.00222385
 STD_DEV:0.00312400
 DELTA_ERROR:-0.00000447
ITERATION:48
 QUICK_CONVERGE: TRANSFORMATION:[0.99989316,-0.01326583,0.00613861,0.01650799,0.01156711,0.97484735, 0.22257323,-0.06793415,-0.00893682,-0.22247845,0.97489665,0.01428486, 0.00000000,0.00000000,0.00000000,1.00000000]
 MEAN_ERR:0.00221992
 STD_DEV:0.00312417
 DELTA_ERROR:-0.00000393
ITERATION:49
 QUICK_CONVERGE: TRANSFORMATION:[0.99988962,-0.01354295,0.00611073,0.01659039,0.01184356,0.97484580, 0.22256551,-0.06795666,-0.00897121,-0.22246857,0.97489859,0.01428841, 0.00000000,0.00000000,0.00000000,1.00000000]
 MEAN_ERR:0.00221625
 STD_DEV:0.00312434
 DELTA_ERROR:-0.00000367
ITERATION:50
 QUICK_CONVERGE: TRANSFORMATION:[0.99988616,-0.01380740,0.00608527,0.01666989,0.01210702,0.97484179, 0.22256889,-0.06798225,-0.00900527,-0.22246988,0.97489797,0.01429325, 0.00000000,0.00000000,0.00000000,1.00000000]
 MEAN_ERR:0.00221239
 STD_DEV:0.00312475
 DELTA_ERROR:-0.00000386
ITERATION:51
 QUICK_CONVERGE: TRANSFORMATION:[0.99988274,-0.01406198,0.00606277,0.01674670,0.01236022,0.97483843, 0.22256966,-0.06800606,-0.00903999,-0.22246862,0.97489794,0.01429821, 0.00000000,0.00000000,0.00000000,1.00000000]
 MEAN_ERR:0.00220846
 STD_DEV:0.00312536
 DELTA_ERROR:-0.00000393
ITERATION:52
 QUICK_CONVERGE: TRANSFORMATION:[0.99987932,-0.01431115,0.00604416,0.01681862,0.01260736,0.97483690, 0.22256253,-0.06802680,-0.00907720,-0.22245947,0.97489968,0.01430203, 0.00000000,0.00000000,0.00000000,1.00000000]
 MEAN_ERR:0.00220470
 STD_DEV:0.00312597
 DELTA_ERROR:-0.00000376
ITERATION:53
 QUICK_CONVERGE: TRANSFORMATION:[0.99987592,-0.01455754,0.00601929,0.01688913,0.01285313,0.97483421, 0.22256022,-0.06804865,-0.00910774,-0.22245524,0.97490036,0.01430612, 0.00000000,0.00000000,0.00000000,1.00000000]
 MEAN_ERR:0.00220125
 STD_DEV:0.00312655
 DELTA_ERROR:-0.00000345
ITERATION:54
 QUICK_CONVERGE: TRANSFORMATION:[0.99987246,-0.01479979,0.00600277,0.01695180,0.01309303,0.97483191, 0.22255635,-0.06806981,-0.00914548,-0.22244937,0.97490135,0.01431043, 0.00000000,0.00000000,0.00000000,1.00000000]
 MEAN_ERR:0.00219798
 STD_DEV:0.00312716
 DELTA_ERROR:-0.00000327
ITERATION:55
 QUICK_CONVERGE: TRANSFORMATION:[0.99986900,-0.01503547,0.00599258,0.01700808,0.01332519,0.97483167, 0.22254362,-0.06808753,-0.00918781,-0.22243461,0.97490432,0.01431403, 0.00000000,0.00000000,0.00000000,1.00000000]
 MEAN_ERR:0.00219519
 STD_DEV:0.00312764
 DELTA_ERROR:-0.00000279
ITERATION:56
 QUICK_CONVERGE: TRANSFORMATION:[0.99986551,-0.01527224,0.00597690,0.01706352,0.01355958,0.97483004, 0.22253657,-0.06810746,-0.00922510,-0.22242559,0.97490602,0.01431881, 0.00000000,0.00000000,0.00000000,1.00000000]
 MEAN_ERR:0.00219274
 STD_DEV:0.00312801
 DELTA_ERROR:-0.00000244
ITERATION:57
 QUICK_CONVERGE: TRANSFORMATION:[0.99986200,-0.01550320,0.00596970,0.01711313,0.01378643,0.97482845, 0.22252959,-0.06812685,-0.00926935,-0.22241658,0.97490766,0.01432371, 0.00000000,0.00000000,0.00000000,1.00000000]
 MEAN_ERR:0.00219040
 STD_DEV:0.00312842
 DELTA_ERROR:-0.00000235
ITERATION:58
 QUICK_CONVERGE: TRANSFORMATION:[0.99985862,-0.01572326,0.00596063,0.01715957,0.01400307,0.97482720, 0.22252158,-0.06814583,-0.00930935,-0.22240665,0.97490954,0.01432838, 0.00000000,0.00000000,0.00000000,1.00000000]
 MEAN_ERR:0.00218836
 STD_DEV:0.00312874
 DELTA_ERROR:-0.00000204
ITERATION:59
 QUICK_CONVERGE: TRANSFORMATION:[0.99985517,-0.01594327,0.00595345,0.01720298,0.01421919,0.97482464, 0.22251906,-0.06816661,-0.00935125,-0.22240218,0.97491016,0.01433344, 0.00000000,0.00000000,0.00000000,1.00000000]
 MEAN_ERR:0.00218644
 STD_DEV:0.00312908
 DELTA_ERROR:-0.00000192
ITERATION:60
 QUICK_CONVERGE: TRANSFORMATION:[0.99985171,-0.01616219,0.00594419,0.01724490,0.01443467,0.97482096, 0.22252132,-0.06818833,-0.00939095,-0.22240252,0.97490970,0.01433883, 0.00000000,0.00000000,0.00000000,1.00000000]
 MEAN_ERR:0.00218457
 STD_DEV:0.00312947
 DELTA_ERROR:-0.00000188
ITERATION:61
 QUICK_CONVERGE: TRANSFORMATION:[0.99984836,-0.01637061,0.00593764,0.01728365,0.01463936,0.97481858, 0.22251839,-0.06820754,-0.00943088,-0.22239772,0.97491041,0.01434310, 0.00000000,0.00000000,0.00000000,1.00000000]
 MEAN_ERR:0.00218276
 STD_DEV:0.00312989
 DELTA_ERROR:-0.00000181
ITERATION:62
 QUICK_CONVERGE: TRANSFORMATION:[0.99984501,-0.01657508,0.00593415,0.01732035,0.01483956,0.97481709, 0.22251162,-0.06822514,-0.00947286,-0.22238908,0.97491198,0.01434734, 0.00000000,0.00000000,0.00000000,1.00000000]
 MEAN_ERR:0.00218109
 STD_DEV:0.00313028
 DELTA_ERROR:-0.00000167
ITERATION:63
 QUICK_CONVERGE: TRANSFORMATION:[0.99984181,-0.01676869,0.00592931,0.01735673,0.01502947,0.97481587, 0.22250424,-0.06824117,-0.00951109,-0.22237993,0.97491369,0.01435128, 0.00000000,0.00000000,0.00000000,1.00000000]
 MEAN_ERR:0.00217952
 STD_DEV:0.00313064
 DELTA_ERROR:-0.00000157
ITERATION:64
 QUICK_CONVERGE: TRANSFORMATION:[0.99983868,-0.01695575,0.00592623,0.01739132,0.01521261,0.97481491, 0.22249599,-0.06825624,-0.00954956,-0.22236995,0.97491559,0.01435460, 0.00000000,0.00000000,0.00000000,1.00000000]
 MEAN_ERR:0.00217796
 STD_DEV:0.00313105
 DELTA_ERROR:-0.00000156
ITERATION:65
 QUICK_CONVERGE: TRANSFORMATION:[0.99983564,-0.01713565,0.00592064,0.01742662,0.01538932,0.97481374, 0.22248897,-0.06827131,-0.00958401,-0.22236129,0.97491723,0.01435780, 0.00000000,0.00000000,0.00000000,1.00000000]
 MEAN_ERR:0.00217640
 STD_DEV:0.00313149
 DELTA_ERROR:-0.00000155
ITERATION:66
 QUICK_CONVERGE: TRANSFORMATION:[0.99983273,-0.01730702,0.00591414,0.01746194,0.01555787,0.97481146, 0.22248725,-0.06828707,-0.00961577,-0.22235802,0.97491766,0.01436091, 0.00000000,0.00000000,0.00000000,1.00000000]
 MEAN_ERR:0.00217480
 STD_DEV:0.00313199
 DELTA_ERROR:-0.00000161
ITERATION:67
 QUICK_CONVERGE: TRANSFORMATION:[0.99982984,-0.01747432,0.00591137,0.01749530,0.01572168,0.97481093, 0.22247803,-0.06830056,-0.00965012,-0.22234723,0.97491978,0.01436417, 0.00000000,0.00000000,0.00000000,1.00000000]
 MEAN_ERR:0.00217311
 STD_DEV:0.00313257
 DELTA_ERROR:-0.00000169
ITERATION:68
 QUICK_CONVERGE: TRANSFORMATION:[0.99982704,-0.01763547,0.00590679,0.01752742,0.01587987,0.97480947, 0.22247323,-0.06831527,-0.00968142,-0.22234095,0.97492091,0.01436747, 0.00000000,0.00000000,0.00000000,1.00000000]
 MEAN_ERR:0.00217157
 STD_DEV:0.00313308
 DELTA_ERROR:-0.00000154
ITERATION:69
 QUICK_CONVERGE: TRANSFORMATION:[0.99982429,-0.01779221,0.00590089,0.01755761,0.01603408,0.97480876, 0.22246526,-0.06832854,-0.00971039,-0.22233155,0.97492276,0.01437057, 0.00000000,0.00000000,0.00000000,1.00000000]
 MEAN_ERR:0.00217008
 STD_DEV:0.00313361
 DELTA_ERROR:-0.00000149
ITERATION:70
 QUICK_CONVERGE: TRANSFORMATION:[0.99982166,-0.01794126,0.00589538,0.01758581,0.01618063,0.97480669, 0.22246371,-0.06834316,-0.00973814,-0.22232865,0.97492315,0.01437397, 0.00000000,0.00000000,0.00000000,1.00000000]
 MEAN_ERR:0.00216873
 STD_DEV:0.00313410
 DELTA_ERROR:-0.00000135
ITERATION:71
 QUICK_CONVERGE: TRANSFORMATION:[0.99981900,-0.01808930,0.00589502,0.01761033,0.01632514,0.97480604, 0.22245602,-0.06835572,-0.00977058,-0.22231952,0.97492490,0.01437740, 0.00000000,0.00000000,0.00000000,1.00000000]
 MEAN_ERR:0.00216747
 STD_DEV:0.00313458
 DELTA_ERROR:-0.00000127
ITERATION:72
 QUICK_CONVERGE: TRANSFORMATION:[0.99981636,-0.01823505,0.00589279,0.01763364,0.01646779,0.97480495, 0.22245025,-0.06836915,-0.00980071,-0.22231236,0.97492623,0.01438079, 0.00000000,0.00000000,0.00000000,1.00000000]
 MEAN_ERR:0.00216641
 STD_DEV:0.00313494
 DELTA_ERROR:-0.00000106
ITERATION:73
 QUICK_CONVERGE: TRANSFORMATION:[0.99981380,-0.01837529,0.00589108,0.01765506,0.01660493,0.97480341, 0.22244683,-0.06838300,-0.00983017,-0.22230759,0.97492703,0.01438430, 0.00000000,0.00000000,0.00000000,1.00000000]
 MEAN_ERR:0.00216539
 STD_DEV:0.00313531
 DELTA_ERROR:-0.00000102
ITERATION:74
 QUICK_CONVERGE: TRANSFORMATION:[0.99981139,-0.01850661,0.00589065,0.01767411,0.01673307,0.97480144, 0.22244583,-0.06839698,-0.00985893,-0.22230531,0.97492725,0.01438782, 0.00000000,0.00000000,0.00000000,1.00000000]
 MEAN_ERR:0.00216447
 STD_DEV:0.00313565
 DELTA_ERROR:-0.00000092
