Outlier purge not active.
ITERATION:0
 TRANSFORMATION:[0.99981684,-0.00236210,0.01899236,-0.00526648,-0.00150238,0.97960560, 0.20092441,-0.06297792,-0.01907962,-0.20091614,0.97942262,0.01354453, 0.00000000,0.00000000,0.00000000,1.00000000]
 MEAN_ERR:0.01511054
 STD_DEV:0.01031568
 DELTA_ERROR:0.01511054
ITERATION:1
 TRANSFORMATION:[0.99984955,-0.00300433,0.01708355,-0.00410187,-0.00081818,0.97562138, 0.21945898,-0.06876739,-0.01732640,-0.21943994,0.97547215,0.01530865, 0.00000000,0.00000000,0.00000000,1.00000000]
 MEAN_ERR:0.00408305
 STD_DEV:0.00371943
 DELTA_ERROR:-0.01102749
ITERATION:2
 TRANSFORMATION:[0.99986400,-0.00313690,0.01619072,-0.00327983,-0.00053953,0.97499613, 0.22222120,-0.06956177,-0.01648297,-0.22219972,0.97486184,0.01551187, 0.00000000,0.00000000,0.00000000,1.00000000]
 MEAN_ERR:0.00369258
 STD_DEV:0.00367724
 DELTA_ERROR:-0.00039047
ITERATION:3
 TRANSFORMATION:[0.99987073,-0.00318291,0.01576070,-0.00261512,-0.00040615,0.97489846, 0.22264956,-0.06961167,-0.01607375,-0.22262718,0.97477114,0.01549694, 0.00000000,0.00000000,0.00000000,1.00000000]
 MEAN_ERR:0.00361023
 STD_DEV:0.00367082
 DELTA_ERROR:-0.00008235
ITERATION:4
 TRANSFORMATION:[0.99987593,-0.00323124,0.01541711,-0.00198873,-0.00028372,0.97488146, 0.22272419,-0.06954911,-0.01574953,-0.22270093,0.97475959,0.01545211, 0.00000000,0.00000000,0.00000000,1.00000000]
 MEAN_ERR:0.00355136
 STD_DEV:0.00365041
 DELTA_ERROR:-0.00005887
ITERATION:5
 TRANSFORMATION:[0.99988048,-0.00329670,0.01510519,-0.00138177,-0.00015066,0.97487803, 0.22273931,-0.06947081,-0.01546002,-0.22271496,0.97476101,0.01540466, 0.00000000,0.00000000,0.00000000,1.00000000]
 MEAN_ERR:0.00349615
 STD_DEV:0.00362839
 DELTA_ERROR:-0.00005520
ITERATION:6
 TRANSFORMATION:[0.99988480,-0.00335592,0.01480289,-0.00078382,-0.00002559,0.97487791, 0.22273991,-0.06939356,-0.01517851,-0.22271463,0.97476551,0.01535899, 0.00000000,0.00000000,0.00000000,1.00000000]
 MEAN_ERR:0.00344422
 STD_DEV:0.00360502
 DELTA_ERROR:-0.00005194
ITERATION:7
 TRANSFORMATION:[0.99988900,-0.00341947,0.01450141,-0.00019273,0.00010370,0.97488036, 0.22272914,-0.06931726,-0.01489876,-0.22270291,0.97477251,0.01531351, 0.00000000,0.00000000,0.00000000,1.00000000]
 MEAN_ERR:0.00339457
 STD_DEV:0.00358092
 DELTA_ERROR:-0.00004965
ITERATION:8
 TRANSFORMATION:[0.99989293,-0.00349255,0.01420997,0.00038302,0.00024020,0.97488541, 0.22270695,-0.06924050,-0.01463091,-0.22267969,0.97478187,0.01526837, 0.00000000,0.00000000,0.00000000,1.00000000]
 MEAN_ERR:0.00334549
 STD_DEV:0.00355762
 DELTA_ERROR:-0.00004908
ITERATION:9
 TRANSFORMATION:[0.99989680,-0.00357318,0.01391506,0.00095283,0.00038467,0.97488797, 0.22269553,-0.06916825,-0.01436135,-0.22266720,0.97478873,0.01522522, 0.00000000,0.00000000,0.00000000,1.00000000]
 MEAN_ERR:0.00329717
 STD_DEV:0.00353548
 DELTA_ERROR:-0.00004832
ITERATION:10
 TRANSFORMATION:[0.99990064,-0.00365239,0.01361491,0.00152138,0.00052849,0.97488386, 0.22271321,-0.06910657,-0.01408640,-0.22268389,0.97478893,0.01518279, 0.00000000,0.00000000,0.00000000,1.00000000]
 MEAN_ERR:0.00325062
 STD_DEV:0.00351306
 DELTA_ERROR:-0.00004654
ITERATION:11
 TRANSFORMATION:[0.99990419,-0.00374306,0.01332637,0.00207453,0.00068096,0.97488051, 0.22272748,-0.06904306,-0.01382530,-0.22269707,0.97478966,0.01514106, 0.00000000,0.00000000,0.00000000,1.00000000]
 MEAN_ERR:0.00320401
 STD_DEV:0.00349141
 DELTA_ERROR:-0.00004662
ITERATION:12
 TRANSFORMATION:[0.99990755,-0.00384697,0.01304223,0.00261892,0.00084561,0.97488140, 0.22272303,-0.06897538,-0.01357144,-0.22269141,0.97479452,0.01509853, 0.00000000,0.00000000,0.00000000,1.00000000]
 MEAN_ERR:0.00315703
 STD_DEV:0.00347162
 DELTA_ERROR:-0.00004698
ITERATION:13
 TRANSFORMATION:[0.99991053,-0.00395562,0.01277835,0.00315037,0.00101029,0.97488078, 0.22272502,-0.06891358,-0.01333838,-0.22269219,0.97479756,0.01505940, 0.00000000,0.00000000,0.00000000,1.00000000]
 MEAN_ERR:0.00311306
 STD_DEV:0.00345082
 DELTA_ERROR:-0.00004397
ITERATION:14
 TRANSFORMATION:[0.99991346,-0.00406383,0.01251239,0.00366843,0.00117511,0.97488196, 0.22271908,-0.06885464,-0.01310319,-0.22268510,0.97480237,0.01502182, 0.00000000,0.00000000,0.00000000,1.00000000]
 MEAN_ERR:0.00307109
 STD_DEV:0.00342966
 DELTA_ERROR:-0.00004197
ITERATION:15
 TRANSFORMATION:[0.99991599,-0.00419168,0.01226539,0.00417369,0.00135476,0.97488152, 0.22271999,-0.06880286,-0.01289087,-0.22268467,0.97480530,0.01498692, 0.00000000,0.00000000,0.00000000,1.00000000]
 MEAN_ERR:0.00302935
 STD_DEV:0.00341076
 DELTA_ERROR:-0.00004175
ITERATION:16
 TRANSFORMATION:[0.99991848,-0.00432016,0.01201543,0.00467265,0.00153554,0.97487859, 0.22273163,-0.06875894,-0.01267582,-0.22269503,0.97480575,0.01495457, 0.00000000,0.00000000,0.00000000,1.00000000]
 MEAN_ERR:0.00299159
 STD_DEV:0.00339017
 DELTA_ERROR:-0.00003776
ITERATION:17
 TRANSFORMATION:[0.99992066,-0.00446688,0.01177766,0.00515480,0.00173171,0.97488124, 0.22271860,-0.06871011,-0.01247667,-0.22268054,0.97481163,0.01492104, 0.00000000,0.00000000,0.00000000,1.00000000]
 MEAN_ERR:0.00295336
 STD_DEV:0.00337139
 DELTA_ERROR:-0.00003823
ITERATION:18
 TRANSFORMATION:[0.99992259,-0.00462782,0.01154999,0.00562731,0.00193928,0.97487994, 0.22272257,-0.06866895,-0.01229058,-0.22268293,0.97481345,0.01489143, 0.00000000,0.00000000,0.00000000,1.00000000]
 MEAN_ERR:0.00291728
 STD_DEV:0.00335310
 DELTA_ERROR:-0.00003607
ITERATION:19
 TRANSFORMATION:[0.99992464,-0.00478203,0.01130702,0.00609247,0.00214380,0.97488070, 0.22271737,-0.06862591,-0.01208804,-0.22267634,0.97481748,0.01486049, 0.00000000,0.00000000,0.00000000,1.00000000]
 MEAN_ERR:0.00288303
 STD_DEV:0.00333467
 DELTA_ERROR:-0.00003425
