Outlier purge not active.
ITERATION:0
 QUICK_CONVERGE: 2.0
 TRANSFORMATION:[0.99898215,-0.04428797,0.00855848,0.00666041,0.04100826,0.97073247, 0.23663641,-0.08215480,-0.01878814,-0.23604458,0.97156058,0.01109744, 0.00000000,0.00000000,0.00000000,1.00000000]
 MEAN_ERR:0.00199328
 STD_DEV:0.00269490
 DELTA_ERROR:0.00199328
ITERATION:1
 QUICK_CONVERGE: 2.0
 TRANSFORMATION:[0.99889223,-0.04663901,-0.00625425,0.01217959,0.04683438,0.97245903, 0.22831991,-0.07942270,-0.00456662,-0.22835990,0.97356607,0.01032900, 0.00000000,0.00000000,0.00000000,1.00000000]
 MEAN_ERR:0.00228489
 STD_DEV:0.00214392
 DELTA_ERROR:0.00029161
ITERATION:2
 QUICK_CONVERGE: 2.0
 TRANSFORMATION:[0.99855031,-0.05382414,-0.00048987,0.01122231,0.05246655,0.97125084, 0.23220479,-0.08052447,-0.01202244,-0.23189386,0.97266680,0.01063365, 0.00000000,0.00000000,0.00000000,1.00000000]
 MEAN_ERR:0.00183698
 STD_DEV:0.00230632
 DELTA_ERROR:-0.00044791
ITERATION:3
 QUICK_CONVERGE: 2.0
 TRANSFORMATION:[0.99828215,-0.05799476,-0.00832841,0.01445124,0.05836242,0.97180284, 0.22845802,-0.07925037,-0.00515580,-0.22855163,0.97351814,0.01029142, 0.00000000,0.00000000,0.00000000,1.00000000]
 MEAN_ERR:0.00191962
 STD_DEV:0.00201579
 DELTA_ERROR:0.00008264
ITERATION:4
 QUICK_CONVERGE: 1.6
 TRANSFORMATION:[0.99790520,-0.06436709,-0.00648702,0.01458079,0.06413297,0.97111121, 0.22984774,-0.07960470,-0.00849501,-0.22978229,0.97320498,0.01038835, 0.00000000,0.00000000,0.00000000,1.00000000]
 MEAN_ERR:0.00168675
 STD_DEV:0.00202201
 DELTA_ERROR:-0.00023286
ITERATION:5
 QUICK_CONVERGE: 1.6
 TRANSFORMATION:[0.99753617,-0.06925399,-0.01120120,0.01671328,0.06998230,0.97116507, 0.22790541,-0.07892940,-0.00490515,-0.22812778,0.97361885,0.01021310, 0.00000000,0.00000000,0.00000000,1.00000000]
 MEAN_ERR:0.00167915
 STD_DEV:0.00184447
 DELTA_ERROR:-0.00000760
ITERATION:6
 QUICK_CONVERGE: 1.6
 TRANSFORMATION:[0.99711010,-0.07515840,-0.01107580,0.01726321,0.07569967,0.97065403, 0.22825493,-0.07898317,-0.00640451,-0.22843373,0.97353840,0.01023212, 0.00000000,0.00000000,0.00000000,1.00000000]
 MEAN_ERR:0.00154214
 STD_DEV:0.00179255
 DELTA_ERROR:-0.00013701
ITERATION:7
 QUICK_CONVERGE: 1.6
 TRANSFORMATION:[0.99666917,-0.08030363,-0.01420918,0.01878772,0.08142937,0.97044508, 0.22716869,-0.07859661,-0.00445324,-0.22756907,0.97375176,0.01013525, 0.00000000,0.00000000,0.00000000,1.00000000]
 MEAN_ERR:0.00150273
 STD_DEV:0.00166799
 DELTA_ERROR:-0.00003941
ITERATION:8
 QUICK_CONVERGE: 1.6
 TRANSFORMATION:[0.99619267,-0.08591521,-0.01478999,0.01946464,0.08702551,0.96996355, 0.22715033,-0.07855566,-0.00516992,-0.22757260,0.97374739,0.01013233, 0.00000000,0.00000000,0.00000000,1.00000000]
 MEAN_ERR:0.00141328
 STD_DEV:0.00159795
 DELTA_ERROR:-0.00008945
ITERATION:9
 QUICK_CONVERGE: 1.6
 TRANSFORMATION:[0.99569837,-0.09107526,-0.01703065,0.02061564,0.09256279,0.96962123, 0.22642174,-0.07830591,-0.00410814,-0.22702416,0.97388046,0.01006538, 0.00000000,0.00000000,0.00000000,1.00000000]
 MEAN_ERR:0.00136645
 STD_DEV:0.00149905
 DELTA_ERROR:-0.00004683
ITERATION:10
 QUICK_CONVERGE: 1.6
 TRANSFORMATION:[0.99518492,-0.09637510,-0.01785558,0.02127586,0.09791183,0.96913520, 0.22625258,-0.07823486,-0.00450064,-0.22691143,0.97390500,0.01005263, 0.00000000,0.00000000,0.00000000,1.00000000]
 MEAN_ERR:0.00130265
 STD_DEV:0.00142562
 DELTA_ERROR:-0.00006380
ITERATION:11
 QUICK_CONVERGE: 1.6
 TRANSFORMATION:[0.99466049,-0.10131787,-0.01962667,0.02219391,0.10312917,0.96871301, 0.22574208,-0.07806902,-0.00385910,-0.22656081,0.97398938,0.01001091, 0.00000000,0.00000000,0.00000000,1.00000000]
 MEAN_ERR:0.00125741
 STD_DEV:0.00134467
 DELTA_ERROR:-0.00004523
ITERATION:12
 QUICK_CONVERGE: 1.6
 TRANSFORMATION:[0.99412079,-0.10633073,-0.02043587,0.02276703,0.10819550,0.96821238, 0.22551834,-0.07800061,-0.00419326,-0.22640355,0.97402456,0.00999231, 0.00000000,0.00000000,0.00000000,1.00000000]
 MEAN_ERR:0.00120704
 STD_DEV:0.00127753
 DELTA_ERROR:-0.00005037
ITERATION:13
 QUICK_CONVERGE: 1.6
 TRANSFORMATION:[0.99357675,-0.11103683,-0.02181896,0.02349029,0.11309372,0.96774794, 0.22510826,-0.07788026,-0.00388006,-0.22612993,0.97408942,0.00996157, 0.00000000,0.00000000,0.00000000,1.00000000]
 MEAN_ERR:0.00116686
 STD_DEV:0.00120932
 DELTA_ERROR:-0.00004018
ITERATION:14
 QUICK_CONVERGE: 1.6
 TRANSFORMATION:[0.99302621,-0.11567866,-0.02274613,0.02403160,0.11782531,0.96722838, 0.22491433,-0.07782713,-0.00401709,-0.22602589,0.97411301,0.00994913, 0.00000000,0.00000000,0.00000000,1.00000000]
 MEAN_ERR:0.00112531
 STD_DEV:0.00114981
 DELTA_ERROR:-0.00004155
ITERATION:15
 QUICK_CONVERGE: 1.6
 TRANSFORMATION:[0.99248252,-0.12003837,-0.02385864,0.02460791,0.12232462,0.96675299, 0.22455586,-0.07772830,-0.00388991,-0.22578627,0.97416910,0.00992371, 0.00000000,0.00000000,0.00000000,1.00000000]
 MEAN_ERR:0.00109030
 STD_DEV:0.00109185
 DELTA_ERROR:-0.00003502
ITERATION:16
 QUICK_CONVERGE: 1.6
 TRANSFORMATION:[0.99193162,-0.12434659,-0.02468975,0.02507211,0.12670963,0.96623640, 0.22434768,-0.07767743,-0.00404074,-0.22566599,0.97419635,0.00991020, 0.00000000,0.00000000,0.00000000,1.00000000]
 MEAN_ERR:0.00105551
 STD_DEV:0.00104030
 DELTA_ERROR:-0.00003478
ITERATION:17
 QUICK_CONVERGE: 1.6
 TRANSFORMATION:[0.99139072,-0.12838938,-0.02570246,0.02557214,0.13087737,0.96574689, 0.22406261,-0.07760276,-0.00394519,-0.22549746,0.97423577,0.00989219, 0.00000000,0.00000000,0.00000000,1.00000000]
 MEAN_ERR:0.00102414
 STD_DEV:0.00099042
 DELTA_ERROR:-0.00003137
ITERATION:18
 QUICK_CONVERGE: 1.6
 TRANSFORMATION:[0.99086027,-0.13227822,-0.02642717,0.02596218,0.13482990,0.96525291, 0.22384755,-0.07755037,-0.00410126,-0.22536481,0.97426582,0.00988175, 0.00000000,0.00000000,0.00000000,1.00000000]
 MEAN_ERR:0.00099447
 STD_DEV:0.00094488
 DELTA_ERROR:-0.00002967
ITERATION:19
 QUICK_CONVERGE: 1.6
 TRANSFORMATION:[0.99032926,-0.13601710,-0.02733707,0.02639514,0.13867819,0.96476352, 0.22360613,-0.07749320,-0.00404045,-0.22523475,0.97429615,0.00986456, 0.00000000,0.00000000,0.00000000,1.00000000]
 MEAN_ERR:0.00096759
 STD_DEV:0.00090217
 DELTA_ERROR:-0.00002688
ITERATION:20
 QUICK_CONVERGE: 1.6
 TRANSFORMATION:[0.98980796,-0.13962462,-0.02802089,0.02674359,0.14234742,0.96427479, 0.22340848,-0.07744753,-0.00417348,-0.22512020,0.97432206,0.00985688, 0.00000000,0.00000000,0.00000000,1.00000000]
 MEAN_ERR:0.00094146
 STD_DEV:0.00086231
 DELTA_ERROR:-0.00002612
ITERATION:21
 QUICK_CONVERGE: 1.6
 TRANSFORMATION:[0.98929259,-0.14307320,-0.02881367,0.02711212,0.14588647,0.96379896, 0.22317864,-0.07739206,-0.00416030,-0.22499250,0.97435161,0.00984207, 0.00000000,0.00000000,0.00000000,1.00000000]
 MEAN_ERR:0.00091759
 STD_DEV:0.00082437
 DELTA_ERROR:-0.00002387
ITERATION:22
 QUICK_CONVERGE: 1.6
 TRANSFORMATION:[0.98879109,-0.14637203,-0.02945194,0.02742072,0.14924468,0.96332825, 0.22299037,-0.07734917,-0.00426767,-0.22488644,0.97437563,0.00983559, 0.00000000,0.00000000,0.00000000,1.00000000]
 MEAN_ERR:0.00089516
 STD_DEV:0.00078868
 DELTA_ERROR:-0.00002243
ITERATION:23
 QUICK_CONVERGE: 1.6
 TRANSFORMATION:[0.98829420,-0.14955253,-0.03014321,0.02773543,0.15249958,0.96286415, 0.22279252,-0.07730296,-0.00429537,-0.22478138,0.97439975,0.00982341, 0.00000000,0.00000000,0.00000000,1.00000000]
 MEAN_ERR:0.00087417
 STD_DEV:0.00075524
 DELTA_ERROR:-0.00002099
ITERATION:24
 QUICK_CONVERGE: 1.6
 TRANSFORMATION:[0.98781105,-0.15259624,-0.03072005,0.02800154,0.15559541,0.96241000, 0.22261413,-0.07726057,-0.00440480,-0.22468060,0.97442251,0.00981679, 0.00000000,0.00000000,0.00000000,1.00000000]
 MEAN_ERR:0.00085418
 STD_DEV:0.00072393
 DELTA_ERROR:-0.00001999
ITERATION:25
 QUICK_CONVERGE: 1.6
 TRANSFORMATION:[0.98734210,-0.15547687,-0.03134530,0.02827440,0.15854323,0.96196985, 0.22243661,-0.07721558,-0.00443052,-0.22459062,0.97444314,0.00980711, 0.00000000,0.00000000,0.00000000,1.00000000]
 MEAN_ERR:0.00083595
 STD_DEV:0.00069446
 DELTA_ERROR:-0.00001823
ITERATION:26
 QUICK_CONVERGE: 1.6
 TRANSFORMATION:[0.98688230,-0.15826279,-0.03187802,0.02851207,0.16137793,0.96153579, 0.22227481,-0.07717588,-0.00452598,-0.22450349,0.97446277,0.00980014, 0.00000000,0.00000000,0.00000000,1.00000000]
 MEAN_ERR:0.00081896
 STD_DEV:0.00066734
 DELTA_ERROR:-0.00001699
ITERATION:27
 QUICK_CONVERGE: 1.6
 TRANSFORMATION:[0.98643615,-0.16091192,-0.03242018,0.02874782,0.16408149,0.96111666, 0.22210815,-0.07713640,-0.00458028,-0.22441506,0.97448289,0.00979131, 0.00000000,0.00000000,0.00000000,1.00000000]
 MEAN_ERR:0.00080240
 STD_DEV:0.00064195
 DELTA_ERROR:-0.00001656
ITERATION:28
 QUICK_CONVERGE: 1.6
 TRANSFORMATION:[0.98600592,-0.16342779,-0.03291947,0.02896435,0.16664554,0.96071100, 0.22195414,-0.07709794,-0.00464737,-0.22433398,0.97450124,0.00978549, 0.00000000,0.00000000,0.00000000,1.00000000]
 MEAN_ERR:0.00078770
 STD_DEV:0.00061769
 DELTA_ERROR:-0.00001471
ITERATION:29
 QUICK_CONVERGE: 1.6
 TRANSFORMATION:[0.98559471,-0.16579323,-0.03340155,0.02916903,0.16905914,0.96032384, 0.22180427,-0.07706129,-0.00469735,-0.22425596,0.97451896,0.00977849, 0.00000000,0.00000000,0.00000000,1.00000000]
 MEAN_ERR:0.00077371
 STD_DEV:0.00059585
 DELTA_ERROR:-0.00001399
ITERATION:30
 QUICK_CONVERGE: 1.6
 TRANSFORMATION:[0.98519281,-0.16807490,-0.03385192,0.02936024,0.17138399,0.95994511, 0.22165943,-0.07702456,-0.00475940,-0.22417895,0.97453637,0.00977354, 0.00000000,0.00000000,0.00000000,1.00000000]
 MEAN_ERR:0.00076134
 STD_DEV:0.00057532
 DELTA_ERROR:-0.00001237
ITERATION:31
 QUICK_CONVERGE: 1.6
 TRANSFORMATION:[0.98480863,-0.17022472,-0.03428575,0.02954279,0.17357658,0.95958060, 0.22153160,-0.07699450,-0.00481021,-0.22411743,0.97455028,0.00976649, 0.00000000,0.00000000,0.00000000,1.00000000]
 MEAN_ERR:0.00074911
 STD_DEV:0.00055666
 DELTA_ERROR:-0.00001222
ITERATION:32
 QUICK_CONVERGE: 1.6
 TRANSFORMATION:[0.98443630,-0.17228206,-0.03469974,0.02971620,0.17567465,0.95922998, 0.22139616,-0.07696101,-0.00485755,-0.22404628,0.97456640,0.00976249, 0.00000000,0.00000000,0.00000000,1.00000000]
 MEAN_ERR:0.00073764
 STD_DEV:0.00053992
 DELTA_ERROR:-0.00001147
ITERATION:33
 QUICK_CONVERGE: 1.6
 TRANSFORMATION:[0.98408013,-0.17423072,-0.03507073,0.02987491,0.17765713,0.95889274, 0.22127508,-0.07693255,-0.00492385,-0.22398298,0.97458062,0.00975660, 0.00000000,0.00000000,0.00000000,1.00000000]
 MEAN_ERR:0.00072703
 STD_DEV:0.00052408
 DELTA_ERROR:-0.00001061
ITERATION:34
 QUICK_CONVERGE: 1.6
 TRANSFORMATION:[0.98373579,-0.17608823,-0.03545190,0.03003230,0.17955303,0.95856550, 0.22116260,-0.07690602,-0.00496117,-0.22393106,0.97459236,0.00975189, 0.00000000,0.00000000,0.00000000,1.00000000]
 MEAN_ERR:0.00071713
 STD_DEV:0.00050978
 DELTA_ERROR:-0.00000990
ITERATION:35
 QUICK_CONVERGE: 1.6
 TRANSFORMATION:[0.98340265,-0.17786958,-0.03579992,0.03017545,0.18136732,0.95825112, 0.22104455,-0.07687645,-0.00501179,-0.22386873,0.97460642,0.00974758, 0.00000000,0.00000000,0.00000000,1.00000000]
 MEAN_ERR:0.00070793
 STD_DEV:0.00049665
 DELTA_ERROR:-0.00000920
ITERATION:36
 QUICK_CONVERGE: 1.6
 TRANSFORMATION:[0.98307865,-0.17958457,-0.03613520,0.03031215,0.18311401,0.95794216, 0.22094359,-0.07685257,-0.00506263,-0.22382179,0.97461694,0.00974300, 0.00000000,0.00000000,0.00000000,1.00000000]
 MEAN_ERR:0.00069923
 STD_DEV:0.00048455
 DELTA_ERROR:-0.00000870
ITERATION:37
 QUICK_CONVERGE: 1.6
 TRANSFORMATION:[0.98277071,-0.18119580,-0.03646668,0.03044572,0.18475881,0.95765279, 0.22082871,-0.07681923,-0.00509081,-0.22376152,0.97463063,0.00973939, 0.00000000,0.00000000,0.00000000,1.00000000]
 MEAN_ERR:0.00069101
 STD_DEV:0.00047345
 DELTA_ERROR:-0.00000822
ITERATION:38
 QUICK_CONVERGE: 1.6
 TRANSFORMATION:[0.98247531,-0.18273478,-0.03674594,0.03056082,0.18632136,0.95736877, 0.22074735,-0.07679577,-0.00515880,-0.22372537,0.97463857,0.00973576, 0.00000000,0.00000000,0.00000000,1.00000000]
 MEAN_ERR:0.00068353
 STD_DEV:0.00046338
 DELTA_ERROR:-0.00000748
ITERATION:39
 QUICK_CONVERGE: 1.6
 TRANSFORMATION:[0.98219216,-0.18419242,-0.03703671,0.03067600,0.18780737,0.95710363, 0.22063780,-0.07676397,-0.00519184,-0.22366448,0.97465237,0.00973086, 0.00000000,0.00000000,0.00000000,1.00000000]
 MEAN_ERR:0.00067660
 STD_DEV:0.00045433
 DELTA_ERROR:-0.00000694
ITERATION:40
 QUICK_CONVERGE: 1.6
 TRANSFORMATION:[0.98191618,-0.18560350,-0.03730893,0.03078473,0.18924372,0.95683945, 0.22055629,-0.07674012,-0.00523736,-0.22362827,0.97466044,0.00972737, 0.00000000,0.00000000,0.00000000,1.00000000]
 MEAN_ERR:0.00067010
 STD_DEV:0.00044618
 DELTA_ERROR:-0.00000649
ITERATION:41
 QUICK_CONVERGE: 1.6
 TRANSFORMATION:[0.98164857,-0.18696181,-0.03756816,0.03088669,0.19062590,0.95659080, 0.22044457,-0.07670916,-0.00527736,-0.22356056,0.97467575,0.00972292, 0.00000000,0.00000000,0.00000000,1.00000000]
 MEAN_ERR:0.00066382
 STD_DEV:0.00043870
 DELTA_ERROR:-0.00000629
ITERATION:42
 QUICK_CONVERGE: 1.6
 TRANSFORMATION:[0.98139617,-0.18822996,-0.03782906,0.03098938,0.19192035,0.95634703, 0.22037906,-0.07669144,-0.00530423,-0.22353933,0.97468048,0.00972059, 0.00000000,0.00000000,0.00000000,1.00000000]
 MEAN_ERR:0.00065808
 STD_DEV:0.00043168
 DELTA_ERROR:-0.00000573
ITERATION:43
 QUICK_CONVERGE: 1.6
 TRANSFORMATION:[0.98115604,-0.18943211,-0.03805664,0.03108176,0.19314315,0.95612058, 0.22029335,-0.07666683,-0.00534389,-0.22349253,0.97469099,0.00971764, 0.00000000,0.00000000,0.00000000,1.00000000]
 MEAN_ERR:0.00065297
 STD_DEV:0.00042544
 DELTA_ERROR:-0.00000512
ITERATION:44
 QUICK_CONVERGE: 1.6
 TRANSFORMATION:[0.98092413,-0.19058350,-0.03828538,0.03117409,0.19431669,0.95590031, 0.22021720,-0.07664688,-0.00537276,-0.22345586,0.97469924,0.00971431, 0.00000000,0.00000000,0.00000000,1.00000000]
 MEAN_ERR:0.00064817
 STD_DEV:0.00042001
 DELTA_ERROR:-0.00000480
ITERATION:45
 QUICK_CONVERGE: 1.6
 TRANSFORMATION:[0.98069888,-0.19169360,-0.03851332,0.03126504,0.19544982,0.95568698, 0.22014032,-0.07662542,-0.00539281,-0.22341879,0.97470763,0.00971231, 0.00000000,0.00000000,0.00000000,1.00000000]
 MEAN_ERR:0.00064359
 STD_DEV:0.00041498
 DELTA_ERROR:-0.00000458
ITERATION:46
 QUICK_CONVERGE: 1.6
 TRANSFORMATION:[0.98048743,-0.19273365,-0.03870579,0.03134343,0.19650674,0.95548715, 0.22006684,-0.07660363,-0.00543140,-0.22337872,0.97471660,0.00970808, 0.00000000,0.00000000,0.00000000,1.00000000]
 MEAN_ERR:0.00063938
 STD_DEV:0.00041033
 DELTA_ERROR:-0.00000421
ITERATION:47
 QUICK_CONVERGE: 1.6
 TRANSFORMATION:[0.98028422,-0.19372338,-0.03891135,0.03142401,0.19751757,0.95529665, 0.21998893,-0.07657812,-0.00544511,-0.22333735,0.97472600,0.00970496, 0.00000000,0.00000000,0.00000000,1.00000000]
 MEAN_ERR:0.00063563
 STD_DEV:0.00040631
 DELTA_ERROR:-0.00000375
ITERATION:48
 QUICK_CONVERGE: 1.6
 TRANSFORMATION:[0.98009022,-0.19466820,-0.03908257,0.03149423,0.19847684,0.95511029, 0.21993472,-0.07656135,-0.00548613,-0.22331285,0.97473138,0.00970272, 0.00000000,0.00000000,0.00000000,1.00000000]
 MEAN_ERR:0.00063213
 STD_DEV:0.00040265
 DELTA_ERROR:-0.00000351
ITERATION:49
 QUICK_CONVERGE: 1.6
 TRANSFORMATION:[0.97990268,-0.19557316,-0.03926683,0.03156612,0.19940023,0.95493243, 0.21987177,-0.07654267,-0.00550385,-0.22328275,0.97473818,0.00969970, 0.00000000,0.00000000,0.00000000,1.00000000]
 MEAN_ERR:0.00062881
 STD_DEV:0.00039947
 DELTA_ERROR:-0.00000332
ITERATION:50
 QUICK_CONVERGE: 1.6
 TRANSFORMATION:[0.97971726,-0.19646636,-0.03943415,0.03163152,0.20030824,0.95475121, 0.21983342,-0.07653108,-0.00554007,-0.22327359,0.97474007,0.00969924, 0.00000000,0.00000000,0.00000000,1.00000000]
 MEAN_ERR:0.00062575
 STD_DEV:0.00039651
 DELTA_ERROR:-0.00000305
ITERATION:51
 QUICK_CONVERGE: 1.6
 TRANSFORMATION:[0.97954387,-0.19729484,-0.03960498,0.03169744,0.20115422,0.95459248, 0.21975025,-0.07650582,-0.00554898,-0.22322172,0.97475190,0.00969490, 0.00000000,0.00000000,0.00000000,1.00000000]
 MEAN_ERR:0.00062270
 STD_DEV:0.00039381
 DELTA_ERROR:-0.00000305
ITERATION:52
 QUICK_CONVERGE: 1.6
 TRANSFORMATION:[0.97937553,-0.19809967,-0.03975043,0.03175542,0.20197111,0.95442441, 0.21973103,-0.07649964,-0.00558986,-0.22322763,0.97475032,0.00969538, 0.00000000,0.00000000,0.00000000,1.00000000]
 MEAN_ERR:0.00062009
 STD_DEV:0.00039128
 DELTA_ERROR:-0.00000261
ITERATION:53
 QUICK_CONVERGE: 1.6
 TRANSFORMATION:[0.97922094,-0.19883338,-0.03989537,0.03181125,0.20271896,0.95428525, 0.21964674,-0.07647226,-0.00560154,-0.22317023,0.97476339,0.00969010, 0.00000000,0.00000000,0.00000000,1.00000000]
 MEAN_ERR:0.00061769
 STD_DEV:0.00038907
 DELTA_ERROR:-0.00000240
ITERATION:54
 QUICK_CONVERGE: 1.6
 TRANSFORMATION:[0.97907225,-0.19953923,-0.04002040,0.03186034,0.20343495,0.95414168, 0.21960847,-0.07645928,-0.00563538,-0.22315411,0.97476689,0.00968978, 0.00000000,0.00000000,0.00000000,1.00000000]
 MEAN_ERR:0.00061565
 STD_DEV:0.00038710
 DELTA_ERROR:-0.00000204
ITERATION:55
 QUICK_CONVERGE: 1.6
 TRANSFORMATION:[0.97893065,-0.20020422,-0.04016271,0.03191399,0.20411509,0.95400974, 0.21955056,-0.07643977,-0.00563933,-0.22312259,0.97477408,0.00968679, 0.00000000,0.00000000,0.00000000,1.00000000]
 MEAN_ERR:0.00061371
 STD_DEV:0.00038540
 DELTA_ERROR:-0.00000194
ITERATION:56
 QUICK_CONVERGE: 1.6
 TRANSFORMATION:[0.97879518,-0.20084294,-0.04027545,0.03195770,0.20476287,0.95387775, 0.21952083,-0.07643011,-0.00567135,-0.22311285,0.97477612,0.00968625, 0.00000000,0.00000000,0.00000000,1.00000000]
 MEAN_ERR:0.00061202
 STD_DEV:0.00038374
 DELTA_ERROR:-0.00000169
ITERATION:57
 QUICK_CONVERGE: 1.6
 TRANSFORMATION:[0.97866559,-0.20144906,-0.04039736,0.03200368,0.20538102,0.95375536, 0.21947517,-0.07641498,-0.00568387,-0.22308965,0.97478136,0.00968404, 0.00000000,0.00000000,0.00000000,1.00000000]
 MEAN_ERR:0.00061043
 STD_DEV:0.00038233
 DELTA_ERROR:-0.00000159
ITERATION:58
 QUICK_CONVERGE: 1.6
 TRANSFORMATION:[0.97854231,-0.20202363,-0.04051423,0.03204927,0.20596728,0.95363874, 0.21943251,-0.07640140,-0.00569462,-0.22306860,0.97478611,0.00968192, 0.00000000,0.00000000,0.00000000,1.00000000]
 MEAN_ERR:0.00060901
 STD_DEV:0.00038099
 DELTA_ERROR:-0.00000142
ITERATION:59
 QUICK_CONVERGE: 1.6
 TRANSFORMATION:[0.97842401,-0.20257507,-0.04061765,0.03208937,0.20652796,0.95352591, 0.21939586,-0.07639040,-0.00571415,-0.22305086,0.97479006,0.00968105, 0.00000000,0.00000000,0.00000000,1.00000000]
 MEAN_ERR:0.00060772
 STD_DEV:0.00037977
 DELTA_ERROR:-0.00000129
ITERATION:60
 QUICK_CONVERGE: 1.6
 TRANSFORMATION:[0.97830776,-0.20311361,-0.04072827,0.03213179,0.20707770,0.95341544, 0.21935776,-0.07637931,-0.00572358,-0.22303332,0.97479402,0.00967936, 0.00000000,0.00000000,0.00000000,1.00000000]
 MEAN_ERR:0.00060650
 STD_DEV:0.00037870
 DELTA_ERROR:-0.00000123
ITERATION:61
 QUICK_CONVERGE: 1.6
 TRANSFORMATION:[0.97819795,-0.20362462,-0.04081395,0.03216534,0.20759499,0.95330992, 0.21932741,-0.07637057,-0.00575212,-0.22301839,0.97479727,0.00967839, 0.00000000,0.00000000,0.00000000,1.00000000]
 MEAN_ERR:0.00060537
 STD_DEV:0.00037766
 DELTA_ERROR:-0.00000112
ITERATION:62
 QUICK_CONVERGE: 1.6
 TRANSFORMATION:[0.97809269,-0.20410742,-0.04092494,0.03220717,0.20809051,0.95321177, 0.21928446,-0.07635802,-0.00574745,-0.22299661,0.97480228,0.00967576, 0.00000000,0.00000000,0.00000000,1.00000000]
 MEAN_ERR:0.00060430
 STD_DEV:0.00037683
 DELTA_ERROR:-0.00000107
ITERATION:63
 QUICK_CONVERGE: 1.6
 TRANSFORMATION:[0.97798959,-0.20458565,-0.04100087,0.03223786,0.20857366,0.95311258, 0.21925658,-0.07635053,-0.00577830,-0.22298235,0.97480536,0.00967562, 0.00000000,0.00000000,0.00000000,1.00000000]
 MEAN_ERR:0.00060337
 STD_DEV:0.00037594
 DELTA_ERROR:-0.00000093
ITERATION:64
 QUICK_CONVERGE: 1.6
 TRANSFORMATION:[0.97789193,-0.20503265,-0.04109729,0.03227540,0.20903104,0.95302219, 0.21921387,-0.07633941,-0.00577938,-0.22295809,0.97481090,0.00967292, 0.00000000,0.00000000,0.00000000,1.00000000]
 MEAN_ERR:0.00060237
 STD_DEV:0.00037527
 DELTA_ERROR:-0.00000100
ITERATION:65
 QUICK_CONVERGE: 1.6
 TRANSFORMATION:[0.97779821,-0.20546333,-0.04117630,0.03230705,0.20946850,0.95293101, 0.21919268,-0.07633394,-0.00579789,-0.22295135,0.97481233,0.00967331, 0.00000000,0.00000000,0.00000000,1.00000000]
 MEAN_ERR:0.00060157
 STD_DEV:0.00037453
 DELTA_ERROR:-0.00000080
ITERATION:66
 QUICK_CONVERGE: 1.6
 TRANSFORMATION:[0.97771154,-0.20585915,-0.04125708,0.03233921,0.20987246,0.95284993, 0.21915876,-0.07632530,-0.00580403,-0.22293278,0.97481654,0.00967171, 0.00000000,0.00000000,0.00000000,1.00000000]
 MEAN_ERR:0.00060078
 STD_DEV:0.00037396
 DELTA_ERROR:-0.00000079
ITERATION:67
 QUICK_CONVERGE: 1.6
 TRANSFORMATION:[0.97762681,-0.20624860,-0.04131996,0.03236466,0.21026612,0.95276682, 0.21914276,-0.07632192,-0.00582960,-0.22292803,0.97481748,0.00967140, 0.00000000,0.00000000,0.00000000,1.00000000]
 MEAN_ERR:0.00060014
 STD_DEV:0.00037338
 DELTA_ERROR:-0.00000064
ITERATION:68
 QUICK_CONVERGE: 1.6
 TRANSFORMATION:[0.97754699,-0.20661208,-0.04139238,0.03239277,0.21063664,0.95269057, 0.21911843,-0.07631592,-0.00583838,-0.22291731,0.97481987,0.00967021, 0.00000000,0.00000000,0.00000000,1.00000000]
 MEAN_ERR:0.00059949
 STD_DEV:0.00037291
 DELTA_ERROR:-0.00000065
ITERATION:69
 QUICK_CONVERGE: 1.6
 TRANSFORMATION:[0.97747104,-0.20695660,-0.04146482,0.03242101,0.21098870,0.95261866, 0.21909233,-0.07630874,-0.00584244,-0.22290501,0.97482266,0.00966934, 0.00000000,0.00000000,0.00000000,1.00000000]
 MEAN_ERR:0.00059894
 STD_DEV:0.00037242
 DELTA_ERROR:-0.00000055
ITERATION:70
 QUICK_CONVERGE: 1.6
 TRANSFORMATION:[0.97740212,-0.20726907,-0.04152863,0.03244557,0.21130757,0.95255258, 0.21907235,-0.07630332,-0.00584872,-0.22289709,0.97482443,0.00966849, 0.00000000,0.00000000,0.00000000,1.00000000]
 MEAN_ERR:0.00059848
 STD_DEV:0.00037198
 DELTA_ERROR:-0.00000046
ITERATION:71
 QUICK_CONVERGE: 1.6
 TRANSFORMATION:[0.97733373,-0.20757911,-0.04158966,0.03246914,0.21162345,0.95248745, 0.21905062,-0.07629641,-0.00585671,-0.22288690,0.97482672,0.00966754, 0.00000000,0.00000000,0.00000000,1.00000000]
 MEAN_ERR:0.00059807
 STD_DEV:0.00037162
 DELTA_ERROR:-0.00000041
ITERATION:72
 QUICK_CONVERGE: 1.6
 TRANSFORMATION:[0.97727143,-0.20786108,-0.04164530,0.03249075,0.21191075,0.95242739, 0.21903400,-0.07629151,-0.00586451,-0.22288076,0.97482807,0.00966680, 0.00000000,0.00000000,0.00000000,1.00000000]
 MEAN_ERR:0.00059769
 STD_DEV:0.00037128
 DELTA_ERROR:-0.00000038
ITERATION:73
 QUICK_CONVERGE: 1.6
 TRANSFORMATION:[0.97721253,-0.20812682,-0.04170018,0.03251223,0.21218212,0.95237317, 0.21900706,-0.07628425,-0.00586711,-0.22286447,0.97483178,0.00966603, 0.00000000,0.00000000,0.00000000,1.00000000]
 MEAN_ERR:0.00059739
 STD_DEV:0.00037096
 DELTA_ERROR:-0.00000030
ITERATION:74
 QUICK_CONVERGE: 1.6
 TRANSFORMATION:[0.97715514,-0.20838733,-0.04174381,0.03252990,0.21244579,0.95231629, 0.21899881,-0.07628331,-0.00588327,-0.22286411,0.97483177,0.00966549, 0.00000000,0.00000000,0.00000000,1.00000000]
 MEAN_ERR:0.00059712
 STD_DEV:0.00037064
 DELTA_ERROR:-0.00000026
ITERATION:75
 QUICK_CONVERGE: 1.6
 TRANSFORMATION:[0.97710043,-0.20863324,-0.04179621,0.03254921,0.21269726,0.95226523, 0.21897675,-0.07627738,-0.00588475,-0.22285221,0.97483448,0.00966456, 0.00000000,0.00000000,0.00000000,1.00000000]
 MEAN_ERR:0.00059687
 STD_DEV:0.00037037
 DELTA_ERROR:-0.00000026
ITERATION:76
 QUICK_CONVERGE: 1.6
 TRANSFORMATION:[0.97705010,-0.20886076,-0.04183635,0.03256392,0.21292798,0.95221537, 0.21896934,-0.07627495,-0.00589689,-0.22285214,0.97483442,0.00966498, 0.00000000,0.00000000,0.00000000,1.00000000]
 MEAN_ERR:0.00059666
 STD_DEV:0.00037010
 DELTA_ERROR:-0.00000020
ITERATION:77
 QUICK_CONVERGE: 1.6
 TRANSFORMATION:[0.97700230,-0.20907481,-0.04188353,0.03258121,0.21314721,0.95217041, 0.21895155,-0.07626898,-0.00589700,-0.22284353,0.97483639,0.00966365, 0.00000000,0.00000000,0.00000000,1.00000000]
 MEAN_ERR:0.00059645
 STD_DEV:0.00036992
 DELTA_ERROR:-0.00000021
ITERATION:78
 QUICK_CONVERGE: 1.6
 TRANSFORMATION:[0.97695554,-0.20928734,-0.04191276,0.03259278,0.21336091,0.95212497, 0.21894103,-0.07626516,-0.00591540,-0.22283819,0.97483750,0.00966372, 0.00000000,0.00000000,0.00000000,1.00000000]
 MEAN_ERR:0.00059629
 STD_DEV:0.00036969
 DELTA_ERROR:-0.00000016
ITERATION:79
 QUICK_CONVERGE: 1.6
 TRANSFORMATION:[0.97691165,-0.20948302,-0.04195821,0.03260961,0.21356187,0.95208473, 0.21892008,-0.07625862,-0.00591226,-0.22282625,0.97484025,0.00966243, 0.00000000,0.00000000,0.00000000,1.00000000]
 MEAN_ERR:0.00059609
 STD_DEV:0.00036957
 DELTA_ERROR:-0.00000020
ITERATION:80
 QUICK_CONVERGE: 1.6
 TRANSFORMATION:[0.97686905,-0.20967554,-0.04198831,0.03262166,0.21375627,0.95204365, 0.21890900,-0.07625556,-0.00592516,-0.22282069,0.97484144,0.00966258, 0.00000000,0.00000000,0.00000000,1.00000000]
 MEAN_ERR:0.00059599
 STD_DEV:0.00036934
 DELTA_ERROR:-0.00000011
ITERATION:81
 QUICK_CONVERGE: 1.6
 TRANSFORMATION:[0.97682760,-0.20985788,-0.04204177,0.03264099,0.21394602,0.95200619, 0.21888654,-0.07624821,-0.00591104,-0.22280908,0.97484418,0.00966147, 0.00000000,0.00000000,0.00000000,1.00000000]
 MEAN_ERR:0.00059584
 STD_DEV:0.00036921
 DELTA_ERROR:-0.00000015
ITERATION:82
 QUICK_CONVERGE: 1.6
 TRANSFORMATION:[0.97678928,-0.21003255,-0.04205975,0.03264864,0.21412023,0.95196619, 0.21889015,-0.07624907,-0.00593460,-0.22281540,0.97484259,0.00966244, 0.00000000,0.00000000,0.00000000,1.00000000]
 MEAN_ERR:0.00059577
 STD_DEV:0.00036898
 DELTA_ERROR:-0.00000007
